0,0:[(3;3), (4;3), (3;4), (4;4), (14;6), (13;7), (14;7), (15;7), (13;8), (14;8)];
1,0:[(3;3), (4;3), (3;4), (4;4), (14;6), (13;7), (14;7), (15;7), (13;8), (14;8)];
2,0:[(3;3), (4;3), (3;4), (4;4), (14;6), (13;7), (14;7), (15;7), (13;8), (14;8)];
3,0:[(3;3), (4;3), (3;4), (4;4), (14;6), (13;7), (14;7), (15;7), (13;8), (14;8)];
4,0:[(3;3), (4;3), (3;4), (4;4), (14;6), (13;7), (14;7), (15;7), (13;8), (14;8)];
5,0:[(3;3), (4;3), (3;4), (4;4), (14;6), (13;7), (14;7), (15;7), (13;8), (14;8)];
6,0:[(3;3), (4;3), (3;4), (4;4), (14;6), (13;7), (14;7), (15;7), (13;8), (14;8)];
7,0:[(3;3), (4;3), (3;4), (4;4), (14;6), (13;7), (14;7), (15;7), (13;8), (14;8)];
8,0:[(3;3), (4;3), (3;4), (4;4), (14;6), (13;7), (14;7), (15;7), (13;8), (14;8)];
9,0:[(9;0), (9;1), (8;2), (9;2), (10;2), (8;3), (9;3), (10;3), (9;4), (9;5), (9;6), (9;7), (9;8), (9;9), (9;10), (3;3), (4;3), (3;4), (4;4), (14;6), (13;7), (14;7), (15;7), (13;8), (14;8)];
10,0:[(3;3), (4;3), (3;4), (4;4), (14;6), (13;7), (14;7), (15;7), (13;8), (14;8)];
11,0:[(3;3), (4;3), (3;4), (4;4), (14;6), (13;7), (14;7), (15;7), (13;8), (14;8)];
12,0:[(3;3), (4;3), (3;4), (4;4), (14;6), (13;7), (14;7), (15;7), (13;8), (14;8)];
13,0:[(3;3), (4;3), (3;4), (4;4), (14;6), (13;7), (14;7), (15;7), (13;8), (14;8)];
14,0:[(3;3), (4;3), (3;4), (4;4), (14;6), (13;7), (14;7), (15;7), (13;8), (14;8)];
15,0:[(3;3), (4;3), (3;4), (4;4), (14;6), (13;7), (14;7), (15;7), (13;8), (14;8)];
16,0:[(3;3), (4;3), (3;4), (4;4), (14;6), (13;7), (14;7), (15;7), (13;8), (14;8)];
17,0:[(3;3), (4;3), (3;4), (4;4), (14;6), (13;7), (14;7), (15;7), (13;8), (14;8)];
18,0:[(3;3), (4;3), (3;4), (4;4), (14;6), (13;7), (14;7), (15;7), (13;8), (14;8)];
19,0:[(3;3), (4;3), (3;4), (4;4), (14;6), (13;7), (14;7), (15;7), (13;8), (14;8)];
0,1:[(3;3), (4;3), (3;4), (4;4), (14;6), (13;7), (14;7), (15;7), (13;8), (14;8)];
1,1:[(1;1), (2;1), (3;1), (1;2), (1;3), (1;4), (1;5), (1;6), (1;7), (3;3), (4;3), (3;4), (4;4), (14;6), (13;7), (14;7), (15;7), (13;8), (14;8)];
2,1:[(1;1), (2;1), (3;1), (3;3), (4;3), (3;4), (4;4), (14;6), (13;7), (14;7), (15;7), (13;8), (14;8)];
3,1:[(1;1), (2;1), (3;1), (3;2), (3;3), (3;4), (4;5), (4;6), (4;7), (5;8), (5;9), (3;3), (4;3), (3;4), (4;4), (14;6), (13;7), (14;7), (15;7), (13;8), (14;8)];
4,1:[(3;3), (4;3), (3;4), (4;4), (14;6), (13;7), (14;7), (15;7), (13;8), (14;8)];
5,1:[(5;1), (6;1), (7;1), (8;1), (9;1), (10;1), (11;1), (12;1), (13;1), (14;1), (15;1), (5;2), (6;2), (5;3), (5;4), (4;5), (5;5), (4;6), (5;6), (4;7), (5;7), (5;8), (5;9), (3;3), (4;3), (3;4), (4;4), (14;6), (13;7), (14;7), (15;7), (13;8), (14;8)];
6,1:[(5;1), (6;1), (7;1), (8;1), (9;1), (10;1), (11;1), (12;1), (13;1), (14;1), (15;1), (5;2), (6;2), (10;2), (5;3), (4;4), (4;5), (4;6), (3;7), (3;3), (4;3), (3;4), (4;4), (14;6), (13;7), (14;7), (15;7), (13;8), (14;8)];
7,1:[(5;1), (6;1), (7;1), (8;1), (9;1), (10;1), (11;1), (12;1), (13;1), (14;1), (15;1), (5;2), (9;2), (10;2), (4;3), (10;3), (3;4), (3;3), (4;3), (3;4), (4;4), (14;6), (13;7), (14;7), (15;7), (13;8), (14;8)];
8,1:[(5;1), (6;1), (7;1), (8;1), (9;1), (10;1), (11;1), (12;1), (13;1), (14;1), (15;1), (8;2), (9;2), (10;2), (8;3), (9;3), (10;3), (9;4), (9;5), (3;3), (4;3), (3;4), (4;4), (14;6), (13;7), (14;7), (15;7), (13;8), (14;8)];
9,1:[(9;0), (5;1), (6;1), (7;1), (8;1), (9;1), (10;1), (11;1), (12;1), (13;1), (14;1), (15;1), (8;2), (9;2), (10;2), (8;3), (9;3), (10;3), (9;4), (9;5), (9;6), (9;7), (9;8), (9;9), (9;10), (3;3), (4;3), (3;4), (4;4), (14;6), (13;7), (14;7), (15;7), (13;8), (14;8)];
10,1:[(5;1), (6;1), (7;1), (8;1), (9;1), (10;1), (11;1), (12;1), (13;1), (14;1), (15;1), (8;2), (9;2), (10;2), (8;3), (9;3), (10;3), (9;4), (9;5), (3;3), (4;3), (3;4), (4;4), (14;6), (13;7), (14;7), (15;7), (13;8), (14;8)];
11,1:[(5;1), (6;1), (7;1), (8;1), (9;1), (10;1), (11;1), (12;1), (13;1), (14;1), (15;1), (8;2), (9;2), (13;2), (8;3), (14;3), (3;3), (4;3), (3;4), (4;4), (14;6), (13;7), (14;7), (15;7), (13;8), (14;8)];
12,1:[(5;1), (6;1), (7;1), (8;1), (9;1), (10;1), (11;1), (12;1), (13;1), (14;1), (15;1), (8;2), (12;2), (13;2), (12;3), (13;3), (13;4), (13;5), (14;6), (3;3), (4;3), (3;4), (4;4), (14;6), (13;7), (14;7), (15;7), (13;8), (14;8)];
13,1:[(5;1), (6;1), (7;1), (8;1), (9;1), (10;1), (11;1), (12;1), (13;1), (14;1), (15;1), (12;2), (13;2), (12;3), (13;3), (13;4), (13;5), (3;3), (4;3), (3;4), (4;4), (14;6), (13;7), (14;7), (15;7), (13;8), (14;8)];
14,1:[(5;1), (6;1), (7;1), (8;1), (9;1), (10;1), (11;1), (12;1), (13;1), (14;1), (15;1), (12;2), (3;3), (4;3), (3;4), (4;4), (14;6), (13;7), (14;7), (15;7), (13;8), (14;8)];
15,1:[(5;1), (6;1), (7;1), (8;1), (9;1), (10;1), (11;1), (12;1), (13;1), (14;1), (15;1), (15;2), (15;3), (3;3), (4;3), (3;4), (4;4), (14;6), (13;7), (14;7), (15;7), (13;8), (14;8)];
16,1:[(3;3), (4;3), (3;4), (4;4), (14;6), (13;7), (14;7), (15;7), (13;8), (14;8)];
17,1:[(17;1), (18;1), (17;2), (18;2), (17;3), (17;4), (16;5), (17;5), (17;6), (17;7), (17;8), (3;3), (4;3), (3;4), (4;4), (14;6), (13;7), (14;7), (15;7), (13;8), (14;8)];
18,1:[(17;1), (18;1), (17;2), (18;2), (17;3), (16;4), (16;5), (3;3), (4;3), (3;4), (4;4), (14;6), (13;7), (14;7), (15;7), (13;8), (14;8)];
19,1:[(3;3), (4;3), (3;4), (4;4), (14;6), (13;7), (14;7), (15;7), (13;8), (14;8)];
0,2:[(3;3), (4;3), (3;4), (4;4), (14;6), (13;7), (14;7), (15;7), (13;8), (14;8)];
1,2:[(1;1), (1;2), (1;3), (1;4), (1;5), (1;6), (1;7), (3;3), (4;3), (3;4), (4;4), (14;6), (13;7), (14;7), (15;7), (13;8), (14;8)];
2,2:[(3;3), (4;3), (3;4), (4;4), (14;6), (13;7), (14;7), (15;7), (13;8), (14;8)];
3,2:[(3;1), (3;2), (3;3), (3;4), (4;4), (4;5), (5;5), (4;6), (5;6), (5;7), (5;8), (6;8), (5;9), (6;9), (6;10), (7;10), (3;3), (4;3), (3;4), (4;4), (14;6), (13;7), (14;7), (15;7), (13;8), (14;8)];
4,2:[(3;3), (4;3), (3;4), (4;4), (14;6), (13;7), (14;7), (15;7), (13;8), (14;8)];
5,2:[(5;1), (6;1), (7;1), (5;2), (6;2), (5;3), (4;4), (5;4), (4;5), (5;5), (4;6), (5;6), (3;7), (4;7), (5;7), (5;8), (5;9), (3;3), (4;3), (3;4), (4;4), (14;6), (13;7), (14;7), (15;7), (13;8), (14;8)];
6,2:[(5;1), (6;1), (5;2), (6;2), (4;3), (3;4), (3;3), (4;3), (3;4), (4;4), (14;6), (13;7), (14;7), (15;7), (13;8), (14;8)];
7,2:[(3;3), (4;3), (3;4), (4;4), (14;6), (13;7), (14;7), (15;7), (13;8), (14;8)];
8,2:[(9;0), (8;1), (9;1), (10;1), (11;1), (12;1), (8;2), (9;2), (10;2), (8;3), (9;3), (10;3), (9;4), (3;3), (4;3), (3;4), (4;4), (14;6), (13;7), (14;7), (15;7), (13;8), (14;8)];
9,2:[(9;0), (7;1), (8;1), (9;1), (10;1), (11;1), (8;2), (9;2), (10;2), (8;3), (9;3), (10;3), (9;4), (9;5), (9;6), (9;7), (9;8), (9;9), (9;10), (3;3), (4;3), (3;4), (4;4), (14;6), (13;7), (14;7), (15;7), (13;8), (14;8)];
10,2:[(9;0), (6;1), (7;1), (8;1), (9;1), (10;1), (8;2), (9;2), (10;2), (8;3), (9;3), (10;3), (9;4), (3;3), (4;3), (3;4), (4;4), (14;6), (13;7), (14;7), (15;7), (13;8), (14;8)];
11,2:[(3;3), (4;3), (3;4), (4;4), (14;6), (13;7), (14;7), (15;7), (13;8), (14;8)];
12,2:[(12;1), (13;1), (14;1), (12;2), (13;2), (12;3), (13;3), (14;3), (13;4), (3;3), (4;3), (3;4), (4;4), (14;6), (13;7), (14;7), (15;7), (13;8), (14;8)];
13,2:[(11;1), (12;1), (13;1), (12;2), (13;2), (12;3), (13;3), (13;4), (13;5), (3;3), (4;3), (3;4), (4;4), (14;6), (13;7), (14;7), (15;7), (13;8), (14;8)];
14,2:[(3;3), (4;3), (3;4), (4;4), (14;6), (13;7), (14;7), (15;7), (13;8), (14;8)];
15,2:[(15;1), (15;2), (15;3), (16;4), (17;5), (17;6), (3;3), (4;3), (3;4), (4;4), (14;6), (13;7), (14;7), (15;7), (13;8), (14;8)];
16,2:[(3;3), (4;3), (3;4), (4;4), (14;6), (13;7), (14;7), (15;7), (13;8), (14;8)];
17,2:[(17;1), (18;1), (17;2), (18;2), (17;3), (16;4), (17;4), (16;5), (17;5), (17;6), (17;7), (17;8), (3;3), (4;3), (3;4), (4;4), (14;6), (13;7), (14;7), (15;7), (13;8), (14;8)];
18,2:[(17;1), (18;1), (17;2), (18;2), (16;3), (3;3), (4;3), (3;4), (4;4), (14;6), (13;7), (14;7), (15;7), (13;8), (14;8)];
19,2:[(3;3), (4;3), (3;4), (4;4), (14;6), (13;7), (14;7), (15;7), (13;8), (14;8)];
0,3:[(3;3), (4;3), (3;4), (4;4), (14;6), (13;7), (14;7), (15;7), (13;8), (14;8)];
1,3:[(1;1), (1;2), (1;3), (2;3), (3;3), (4;3), (5;3), (1;4), (5;4), (1;5), (1;6), (1;7), (3;3), (4;3), (3;4), (4;4), (14;6), (13;7), (14;7), (15;7), (13;8), (14;8)];
2,3:[(1;3), (2;3), (3;3), (4;3), (5;3), (4;4), (5;4), (5;5), (6;5), (3;3), (4;3), (3;4), (4;4), (14;6), (13;7), (14;7), (15;7), (13;8), (14;8)];
3,3:[(3;1), (3;2), (1;3), (2;3), (3;3), (4;3), (5;3), (3;4), (4;4), (5;4), (4;5), (5;5), (6;5), (5;6), (5;7), (5;8), (6;8), (6;9), (7;9), (6;10), (7;10), (3;3), (4;3), (3;4), (4;4), (14;6), (13;7), (14;7), (15;7), (13;8), (14;8)];
4,3:[(7;1), (6;2), (1;3), (2;3), (3;3), (4;3), (5;3), (3;4), (4;4), (5;4), (4;5), (5;5), (4;6), (5;6), (4;7), (5;7), (5;8), (6;8), (5;9), (6;9), (6;10), (6;11), (3;3), (4;3), (3;4), (4;4), (14;6), (13;7), (14;7), (15;7), (13;8), (14;8)];
5,3:[(5;1), (6;1), (5;2), (1;3), (2;3), (3;3), (4;3), (5;3), (3;4), (4;4), (5;4), (4;5), (5;5), (4;6), (5;6), (3;7), (4;7), (5;7), (5;8), (5;9), (3;3), (4;3), (3;4), (4;4), (14;6), (13;7), (14;7), (15;7), (13;8), (14;8)];
6,3:[(3;3), (4;3), (3;4), (4;4), (14;6), (13;7), (14;7), (15;7), (13;8), (14;8)];
7,3:[(3;3), (4;3), (3;4), (4;4), (14;6), (13;7), (14;7), (15;7), (13;8), (14;8)];
8,3:[(9;0), (8;1), (9;1), (10;1), (11;1), (8;2), (9;2), (10;2), (8;3), (9;3), (10;3), (3;3), (4;3), (3;4), (4;4), (14;6), (13;7), (14;7), (15;7), (13;8), (14;8)];
9,3:[(9;0), (8;1), (9;1), (10;1), (8;2), (9;2), (10;2), (8;3), (9;3), (10;3), (9;4), (9;5), (9;6), (9;7), (9;8), (9;9), (9;10), (10;11), (10;12), (10;13), (10;14), (10;15), (3;3), (4;3), (3;4), (4;4), (14;6), (13;7), (14;7), (15;7), (13;8), (14;8)];
10,3:[(9;0), (7;1), (8;1), (9;1), (10;1), (8;2), (9;2), (10;2), (8;3), (9;3), (10;3), (3;3), (4;3), (3;4), (4;4), (14;6), (13;7), (14;7), (15;7), (13;8), (14;8)];
11,3:[(3;3), (4;3), (3;4), (4;4), (14;6), (13;7), (14;7), (15;7), (13;8), (14;8)];
12,3:[(12;1), (13;1), (12;2), (13;2), (12;3), (13;3), (14;3), (15;3), (16;3), (17;3), (3;3), (4;3), (3;4), (4;4), (14;6), (13;7), (14;7), (15;7), (13;8), (14;8)];
13,3:[(12;1), (13;1), (12;2), (13;2), (12;3), (13;3), (14;3), (15;3), (16;3), (17;3), (13;4), (13;5), (3;3), (4;3), (3;4), (4;4), (14;6), (13;7), (14;7), (15;7), (13;8), (14;8)];
14,3:[(11;1), (12;2), (12;3), (13;3), (14;3), (15;3), (16;3), (17;3), (18;4), (3;3), (4;3), (3;4), (4;4), (14;6), (13;7), (14;7), (15;7), (13;8), (14;8)];
15,3:[(15;1), (15;2), (12;3), (13;3), (14;3), (15;3), (16;3), (17;3), (17;4), (18;4), (18;5), (3;3), (4;3), (3;4), (4;4), (14;6), (13;7), (14;7), (15;7), (13;8), (14;8)];
16,3:[(18;2), (12;3), (13;3), (14;3), (15;3), (16;3), (17;3), (16;4), (17;4), (18;4), (16;5), (17;5), (18;5), (17;6), (17;7), (18;8), (3;3), (4;3), (3;4), (4;4), (14;6), (13;7), (14;7), (15;7), (13;8), (14;8)];
17,3:[(17;1), (18;1), (17;2), (12;3), (13;3), (14;3), (15;3), (16;3), (17;3), (16;4), (17;4), (16;5), (17;5), (18;5), (17;6), (17;7), (17;8), (3;3), (4;3), (3;4), (4;4), (14;6), (13;7), (14;7), (15;7), (13;8), (14;8)];
18,3:[(3;3), (4;3), (3;4), (4;4), (14;6), (13;7), (14;7), (15;7), (13;8), (14;8)];
19,3:[(3;3), (4;3), (3;4), (4;4), (14;6), (13;7), (14;7), (15;7), (13;8), (14;8)];
0,4:[(3;3), (4;3), (3;4), (4;4), (14;6), (13;7), (14;7), (15;7), (13;8), (14;8)];
1,4:[(1;1), (1;2), (1;3), (1;4), (1;5), (1;6), (1;7), (3;3), (4;3), (3;4), (4;4), (14;6), (13;7), (14;7), (15;7), (13;8), (14;8)];
2,4:[(3;3), (4;3), (3;4), (4;4), (14;6), (13;7), (14;7), (15;7), (13;8), (14;8)];
3,4:[(3;1), (7;1), (3;2), (6;2), (3;3), (4;3), (5;3), (3;4), (4;4), (5;4), (5;5), (6;5), (7;5), (3;3), (4;3), (3;4), (4;4), (14;6), (13;7), (14;7), (15;7), (13;8), (14;8)];
4,4:[(6;1), (3;2), (5;2), (2;3), (3;3), (4;3), (5;3), (3;4), (4;4), (5;4), (4;5), (5;5), (6;5), (4;6), (5;6), (4;7), (5;7), (5;8), (6;8), (5;9), (6;9), (6;10), (7;10), (6;11), (3;3), (4;3), (3;4), (4;4), (14;6), (13;7), (14;7), (15;7), (13;8), (14;8)];
5,4:[(5;1), (5;2), (1;3), (2;3), (3;3), (4;3), (5;3), (3;4), (4;4), (5;4), (4;5), (5;5), (4;6), (5;6), (3;7), (4;7), (5;7), (5;8), (5;9), (6;10), (6;11), (6;12), (6;13), (6;14), (3;3), (4;3), (3;4), (4;4), (14;6), (13;7), (14;7), (15;7), (13;8), (14;8)];
6,4:[(3;3), (4;3), (3;4), (4;4), (14;6), (13;7), (14;7), (15;7), (13;8), (14;8)];
7,4:[(3;3), (4;3), (3;4), (4;4), (14;6), (13;7), (14;7), (15;7), (13;8), (14;8)];
8,4:[(3;3), (4;3), (3;4), (4;4), (14;6), (13;7), (14;7), (15;7), (13;8), (14;8)];
9,4:[(9;0), (8;1), (9;1), (10;1), (8;2), (9;2), (10;2), (9;3), (9;4), (9;5), (9;6), (9;7), (9;8), (9;9), (8;10), (9;10), (10;10), (10;11), (10;12), (10;13), (10;14), (10;15), (11;15), (3;3), (4;3), (3;4), (4;4), (14;6), (13;7), (14;7), (15;7), (13;8), (14;8)];
10,4:[(3;3), (4;3), (3;4), (4;4), (14;6), (13;7), (14;7), (15;7), (13;8), (14;8)];
11,4:[(3;3), (4;3), (3;4), (4;4), (14;6), (13;7), (14;7), (15;7), (13;8), (14;8)];
12,4:[(3;3), (4;3), (3;4), (4;4), (14;6), (13;7), (14;7), (15;7), (13;8), (14;8)];
13,4:[(12;1), (13;1), (12;2), (13;2), (13;3), (13;4), (13;5), (14;6), (3;3), (4;3), (3;4), (4;4), (14;6), (13;7), (14;7), (15;7), (13;8), (14;8)];
14,4:[(3;3), (4;3), (3;4), (4;4), (14;6), (13;7), (14;7), (15;7), (13;8), (14;8)];
15,4:[(3;3), (4;3), (3;4), (4;4), (14;6), (13;7), (14;7), (15;7), (13;8), (14;8)];
16,4:[(18;1), (15;2), (17;2), (16;3), (17;3), (16;4), (17;4), (18;4), (16;5), (17;5), (18;5), (17;6), (3;3), (4;3), (3;4), (4;4), (14;6), (13;7), (14;7), (15;7), (13;8), (14;8)];
17,4:[(17;1), (17;2), (15;3), (16;3), (17;3), (16;4), (17;4), (18;4), (15;5), (16;5), (17;5), (18;5), (17;6), (17;7), (17;8), (3;3), (4;3), (3;4), (4;4), (14;6), (13;7), (14;7), (15;7), (13;8), (14;8)];
18,4:[(14;3), (15;3), (16;3), (16;4), (17;4), (18;4), (14;5), (15;5), (16;5), (17;5), (18;5), (17;6), (3;3), (4;3), (3;4), (4;4), (14;6), (13;7), (14;7), (15;7), (13;8), (14;8)];
19,4:[(3;3), (4;3), (3;4), (4;4), (14;6), (13;7), (14;7), (15;7), (13;8), (14;8)];
0,5:[(3;3), (4;3), (3;4), (4;4), (14;6), (13;7), (14;7), (15;7), (13;8), (14;8)];
1,5:[(1;1), (1;2), (1;3), (1;4), (1;5), (1;6), (1;7), (2;7), (3;3), (4;3), (3;4), (4;4), (14;6), (13;7), (14;7), (15;7), (13;8), (14;8)];
2,5:[(3;3), (4;3), (3;4), (4;4), (14;6), (13;7), (14;7), (15;7), (13;8), (14;8)];
3,5:[(3;3), (4;3), (3;4), (4;4), (14;6), (13;7), (14;7), (15;7), (13;8), (14;8)];
4,5:[(3;1), (5;1), (6;1), (3;2), (5;2), (3;3), (4;3), (5;3), (4;4), (5;4), (4;5), (5;5), (6;5), (7;5), (8;5), (9;5), (4;6), (5;6), (3;7), (4;7), (5;7), (5;8), (6;8), (5;9), (6;9), (7;9), (6;10), (7;10), (8;10), (3;3), (4;3), (3;4), (4;4), (14;6), (13;7), (14;7), (15;7), (13;8), (14;8)];
5,5:[(5;1), (3;2), (5;2), (2;3), (3;3), (4;3), (5;3), (3;4), (4;4), (5;4), (4;5), (5;5), (6;5), (7;5), (8;5), (9;5), (3;6), (4;6), (5;6), (1;7), (2;7), (3;7), (4;7), (5;7), (5;8), (5;9), (6;9), (6;10), (6;11), (6;12), (6;13), (3;3), (4;3), (3;4), (4;4), (14;6), (13;7), (14;7), (15;7), (13;8), (14;8)];
6,5:[(2;3), (3;3), (3;4), (4;4), (4;5), (5;5), (6;5), (7;5), (8;5), (9;5), (2;6), (3;6), (4;6), (1;7), (2;7), (3;7), (3;3), (4;3), (3;4), (4;4), (14;6), (13;7), (14;7), (15;7), (13;8), (14;8)];
7,5:[(3;4), (4;5), (5;5), (6;5), (7;5), (8;5), (9;5), (1;6), (2;6), (3;6), (3;3), (4;3), (3;4), (4;4), (14;6), (13;7), (14;7), (15;7), (13;8), (14;8)];
8,5:[(3;4), (4;5), (5;5), (6;5), (7;5), (8;5), (9;5), (1;6), (2;6), (3;6), (3;3), (4;3), (3;4), (4;4), (14;6), (13;7), (14;7), (15;7), (13;8), (14;8)];
9,5:[(9;0), (8;1), (9;1), (10;1), (9;2), (9;3), (9;4), (4;5), (5;5), (6;5), (7;5), (8;5), (9;5), (9;6), (9;7), (9;8), (8;9), (9;9), (10;9), (8;10), (9;10), (10;10), (10;11), (10;12), (10;13), (10;14), (11;14), (10;15), (11;15), (3;3), (4;3), (3;4), (4;4), (14;6), (13;7), (14;7), (15;7), (13;8), (14;8)];
10,5:[(3;3), (4;3), (3;4), (4;4), (14;6), (13;7), (14;7), (15;7), (13;8), (14;8)];
11,5:[(11;5), (12;5), (13;5), (14;5), (15;5), (16;5), (17;5), (18;5), (3;3), (4;3), (3;4), (4;4), (14;6), (13;7), (14;7), (15;7), (13;8), (14;8)];
12,5:[(11;5), (12;5), (13;5), (14;5), (15;5), (16;5), (17;5), (18;5), (3;3), (4;3), (3;4), (4;4), (14;6), (13;7), (14;7), (15;7), (13;8), (14;8)];
13,5:[(12;1), (13;1), (13;2), (13;3), (13;4), (11;5), (12;5), (13;5), (14;5), (15;5), (16;5), (17;5), (18;5), (3;3), (4;3), (3;4), (4;4), (14;6), (13;7), (14;7), (15;7), (13;8), (14;8)];
14,5:[(18;4), (11;5), (12;5), (13;5), (14;5), (15;5), (16;5), (17;5), (18;5), (14;6), (14;7), (14;8), (13;9), (14;9), (13;10), (13;11), (3;3), (4;3), (3;4), (4;4), (14;6), (13;7), (14;7), (15;7), (13;8), (14;8)];
15,5:[(17;4), (18;4), (11;5), (12;5), (13;5), (14;5), (15;5), (16;5), (17;5), (18;5), (3;3), (4;3), (3;4), (4;4), (14;6), (13;7), (14;7), (15;7), (13;8), (14;8)];
16,5:[(17;1), (18;1), (17;2), (16;3), (17;3), (16;4), (17;4), (18;4), (11;5), (12;5), (13;5), (14;5), (15;5), (16;5), (17;5), (18;5), (3;3), (4;3), (3;4), (4;4), (14;6), (13;7), (14;7), (15;7), (13;8), (14;8)];
17,5:[(17;1), (15;2), (17;2), (16;3), (17;3), (16;4), (17;4), (18;4), (11;5), (12;5), (13;5), (14;5), (15;5), (16;5), (17;5), (18;5), (17;6), (17;7), (17;8), (16;9), (16;10), (16;11), (3;3), (4;3), (3;4), (4;4), (14;6), (13;7), (14;7), (15;7), (13;8), (14;8)];
18,5:[(15;3), (16;3), (17;3), (16;4), (17;4), (18;4), (11;5), (12;5), (13;5), (14;5), (15;5), (16;5), (17;5), (18;5), (3;3), (4;3), (3;4), (4;4), (14;6), (13;7), (14;7), (15;7), (13;8), (14;8)];
19,5:[(3;3), (4;3), (3;4), (4;4), (14;6), (13;7), (14;7), (15;7), (13;8), (14;8)];
0,6:[(3;3), (4;3), (3;4), (4;4), (14;6), (13;7), (14;7), (15;7), (13;8), (14;8)];
1,6:[(1;1), (1;2), (1;3), (1;4), (1;5), (6;5), (7;5), (8;5), (9;5), (1;6), (2;6), (3;6), (4;6), (5;6), (1;7), (2;7), (3;7), (4;7), (5;7), (6;7), (7;7), (8;7), (9;7), (6;8), (7;8), (8;8), (9;8), (10;8), (9;9), (10;9), (3;3), (4;3), (3;4), (4;4), (14;6), (13;7), (14;7), (15;7), (13;8), (14;8)];
2,6:[(6;5), (7;5), (8;5), (1;6), (2;6), (3;6), (4;6), (5;6), (1;7), (2;7), (3;7), (4;7), (5;7), (6;7), (7;7), (8;7), (6;8), (7;8), (8;8), (9;8), (10;8), (8;9), (9;9), (10;9), (9;10), (10;10), (3;3), (4;3), (3;4), (4;4), (14;6), (13;7), (14;7), (15;7), (13;8), (14;8)];
3,6:[(5;5), (6;5), (7;5), (1;6), (2;6), (3;6), (4;6), (5;6), (1;7), (2;7), (3;7), (4;7), (5;7), (6;7), (7;7), (6;8), (7;8), (8;8), (9;8), (10;8), (7;9), (8;9), (9;9), (10;9), (8;10), (9;10), (10;10), (3;3), (4;3), (3;4), (4;4), (14;6), (13;7), (14;7), (15;7), (13;8), (14;8)];
4,6:[(3;1), (5;1), (6;1), (3;2), (5;2), (4;3), (5;3), (4;4), (5;4), (4;5), (5;5), (6;5), (1;6), (2;6), (3;6), (4;6), (5;6), (1;7), (2;7), (3;7), (4;7), (5;7), (6;7), (5;8), (6;8), (7;8), (8;8), (9;8), (6;9), (7;9), (8;9), (9;9), (10;9), (6;10), (7;10), (8;10), (9;10), (10;10), (3;3), (4;3), (3;4), (4;4), (14;6), (13;7), (14;7), (15;7), (13;8), (14;8)];
5,6:[(5;1), (3;2), (5;2), (3;3), (4;3), (5;3), (4;4), (5;4), (4;5), (5;5), (1;6), (2;6), (3;6), (4;6), (5;6), (1;7), (2;7), (3;7), (4;7), (5;7), (5;8), (6;8), (5;9), (6;9), (7;9), (6;10), (7;10), (8;10), (6;11), (6;12), (3;3), (4;3), (3;4), (4;4), (14;6), (13;7), (14;7), (15;7), (13;8), (14;8)];
6,6:[(3;3), (4;3), (3;4), (4;4), (14;6), (13;7), (14;7), (15;7), (13;8), (14;8)];
7,6:[(3;3), (4;3), (3;4), (4;4), (14;6), (13;7), (14;7), (15;7), (13;8), (14;8)];
8,6:[(3;3), (4;3), (3;4), (4;4), (14;6), (13;7), (14;7), (15;7), (13;8), (14;8)];
9,6:[(9;0), (9;1), (9;2), (9;3), (9;4), (9;5), (9;6), (9;7), (8;8), (9;8), (10;8), (7;9), (8;9), (9;9), (10;9), (6;10), (7;10), (8;10), (9;10), (10;10), (6;11), (10;11), (10;12), (10;13), (10;14), (11;14), (11;15), (3;3), (4;3), (3;4), (4;4), (14;6), (13;7), (14;7), (15;7), (13;8), (14;8)];
10,6:[(3;3), (4;3), (3;4), (4;4), (14;6), (13;7), (14;7), (15;7), (13;8), (14;8)];
11,6:[(3;3), (4;3), (3;4), (4;4), (14;6), (13;7), (14;7), (15;7), (13;8), (14;8)];
12,6:[(3;3), (4;3), (3;4), (4;4), (14;6), (13;7), (14;7), (15;7), (13;8), (14;8)];
13,6:[(3;3), (4;3), (3;4), (4;4), (14;6), (13;7), (14;7), (15;7), (13;8), (14;8)];
14,6:[(13;4), (14;5), (14;6), (14;7), (13;8), (14;8), (12;9), (13;9), (14;9), (13;10), (13;11), (3;3), (4;3), (3;4), (4;4), (14;6), (13;7), (14;7), (15;7), (13;8), (14;8)];
15,6:[(3;3), (4;3), (3;4), (4;4), (14;6), (13;7), (14;7), (15;7), (13;8), (14;8)];
16,6:[(3;3), (4;3), (3;4), (4;4), (14;6), (13;7), (14;7), (15;7), (13;8), (14;8)];
17,6:[(17;1), (15;2), (17;2), (16;3), (17;3), (16;4), (17;4), (18;4), (17;5), (17;6), (17;7), (16;8), (17;8), (18;8), (16;9), (16;10), (3;3), (4;3), (3;4), (4;4), (14;6), (13;7), (14;7), (15;7), (13;8), (14;8)];
18,6:[(3;3), (4;3), (3;4), (4;4), (14;6), (13;7), (14;7), (15;7), (13;8), (14;8)];
19,6:[(3;3), (4;3), (3;4), (4;4), (14;6), (13;7), (14;7), (15;7), (13;8), (14;8)];
0,7:[(3;3), (4;3), (3;4), (4;4), (14;6), (13;7), (14;7), (15;7), (13;8), (14;8)];
1,7:[(1;1), (1;2), (1;3), (1;4), (1;5), (5;5), (6;5), (1;6), (2;6), (3;6), (4;6), (5;6), (1;7), (2;7), (3;7), (4;7), (5;7), (6;7), (7;7), (8;7), (9;7), (10;7), (11;7), (12;7), (13;7), (14;7), (15;7), (8;8), (9;8), (10;8), (3;3), (4;3), (3;4), (4;4), (14;6), (13;7), (14;7), (15;7), (13;8), (14;8)];
2,7:[(1;5), (5;5), (6;5), (1;6), (2;6), (3;6), (4;6), (5;6), (1;7), (2;7), (3;7), (4;7), (5;7), (6;7), (7;7), (8;7), (9;7), (10;7), (11;7), (12;7), (13;7), (14;7), (15;7), (16;7), (7;8), (8;8), (9;8), (10;8), (3;3), (4;3), (3;4), (4;4), (14;6), (13;7), (14;7), (15;7), (13;8), (14;8)];
3,7:[(6;1), (5;2), (5;3), (5;4), (4;5), (5;5), (6;5), (1;6), (2;6), (3;6), (4;6), (5;6), (1;7), (2;7), (3;7), (4;7), (5;7), (6;7), (7;7), (8;7), (9;7), (10;7), (11;7), (12;7), (13;7), (14;7), (15;7), (16;7), (17;7), (7;8), (8;8), (9;8), (10;8), (10;9), (3;3), (4;3), (3;4), (4;4), (14;6), (13;7), (14;7), (15;7), (13;8), (14;8)];
4,7:[(5;1), (5;2), (4;3), (5;3), (4;4), (5;4), (4;5), (5;5), (1;6), (2;6), (3;6), (4;6), (5;6), (1;7), (2;7), (3;7), (4;7), (5;7), (6;7), (7;7), (8;7), (9;7), (10;7), (11;7), (12;7), (13;7), (14;7), (15;7), (16;7), (17;7), (18;7), (6;8), (7;8), (8;8), (9;8), (10;8), (7;9), (8;9), (9;9), (10;9), (8;10), (9;10), (10;10), (3;3), (4;3), (3;4), (4;4), (14;6), (13;7), (14;7), (15;7), (13;8), (14;8)];
5,7:[(5;1), (3;2), (5;2), (3;3), (4;3), (5;3), (4;4), (5;4), (4;5), (5;5), (1;6), (2;6), (3;6), (4;6), (5;6), (1;7), (2;7), (3;7), (4;7), (5;7), (6;7), (7;7), (8;7), (9;7), (10;7), (11;7), (12;7), (13;7), (14;7), (15;7), (16;7), (17;7), (18;7), (5;8), (6;8), (7;8), (8;8), (9;8), (10;8), (5;9), (6;9), (7;9), (8;9), (9;9), (10;9), (6;10), (7;10), (8;10), (9;10), (10;10), (6;11), (3;3), (4;3), (3;4), (4;4), (14;6), (13;7), (14;7), (15;7), (13;8), (14;8)];
6,7:[(1;6), (2;6), (3;6), (4;6), (1;7), (2;7), (3;7), (4;7), (5;7), (6;7), (7;7), (8;7), (9;7), (10;7), (11;7), (12;7), (13;7), (14;7), (15;7), (16;7), (17;7), (18;7), (5;8), (6;8), (7;8), (8;8), (9;8), (10;8), (5;9), (6;9), (7;9), (8;9), (9;9), (10;9), (4;10), (6;10), (7;10), (8;10), (9;10), (10;10), (6;11), (6;12), (6;13), (6;14), (6;15), (3;3), (4;3), (3;4), (4;4), (14;6), (13;7), (14;7), (15;7), (13;8), (14;8)];
7,7:[(1;6), (2;6), (3;6), (1;7), (2;7), (3;7), (4;7), (5;7), (6;7), (7;7), (8;7), (9;7), (10;7), (11;7), (12;7), (13;7), (14;7), (15;7), (16;7), (17;7), (18;7), (5;8), (6;8), (7;8), (8;8), (9;8), (10;8), (4;9), (5;9), (6;9), (7;9), (8;9), (9;9), (10;9), (6;10), (7;10), (8;10), (9;10), (10;10), (6;11), (10;11), (6;12), (6;13), (3;3), (4;3), (3;4), (4;4), (14;6), (13;7), (14;7), (15;7), (13;8), (14;8)];
8,7:[(1;6), (2;6), (3;6), (1;7), (2;7), (3;7), (4;7), (5;7), (6;7), (7;7), (8;7), (9;7), (10;7), (11;7), (12;7), (13;7), (14;7), (15;7), (16;7), (17;7), (18;7), (5;8), (6;8), (7;8), (8;8), (9;8), (10;8), (4;9), (5;9), (6;9), (7;9), (8;9), (9;9), (10;9), (6;10), (7;10), (8;10), (9;10), (10;10), (6;11), (10;11), (3;3), (4;3), (3;4), (4;4), (14;6), (13;7), (14;7), (15;7), (13;8), (14;8)];
9,7:[(9;0), (9;1), (9;2), (9;3), (9;4), (9;5), (1;6), (2;6), (9;6), (1;7), (2;7), (3;7), (4;7), (5;7), (6;7), (7;7), (8;7), (9;7), (10;7), (11;7), (12;7), (13;7), (14;7), (15;7), (16;7), (17;7), (18;7), (5;8), (6;8), (7;8), (8;8), (9;8), (10;8), (4;9), (5;9), (6;9), (7;9), (8;9), (9;9), (10;9), (6;10), (7;10), (8;10), (9;10), (10;10), (6;11), (10;11), (10;12), (10;13), (11;14), (11;15), (3;3), (4;3), (3;4), (4;4), (14;6), (13;7), (14;7), (15;7), (13;8), (14;8)];
10,7:[(1;7), (2;7), (3;7), (4;7), (5;7), (6;7), (7;7), (8;7), (9;7), (10;7), (11;7), (12;7), (13;7), (14;7), (15;7), (16;7), (17;7), (18;7), (5;8), (6;8), (7;8), (8;8), (9;8), (10;8), (14;8), (4;9), (5;9), (6;9), (7;9), (8;9), (9;9), (10;9), (6;10), (7;10), (8;10), (9;10), (10;10), (10;11), (10;12), (10;13), (10;14), (10;15), (3;3), (4;3), (3;4), (4;4), (14;6), (13;7), (14;7), (15;7), (13;8), (14;8)];
11,7:[(1;7), (2;7), (3;7), (4;7), (5;7), (6;7), (7;7), (8;7), (9;7), (10;7), (11;7), (12;7), (13;7), (14;7), (15;7), (16;7), (17;7), (18;7), (5;8), (6;8), (7;8), (8;8), (9;8), (13;8), (14;8), (4;9), (5;9), (6;9), (7;9), (8;9), (14;9), (6;10), (7;10), (3;3), (4;3), (3;4), (4;4), (14;6), (13;7), (14;7), (15;7), (13;8), (14;8)];
12,7:[(1;7), (2;7), (3;7), (4;7), (5;7), (6;7), (7;7), (8;7), (9;7), (10;7), (11;7), (12;7), (13;7), (14;7), (15;7), (16;7), (17;7), (18;7), (5;8), (6;8), (7;8), (8;8), (12;8), (13;8), (14;8), (4;9), (5;9), (12;9), (13;9), (14;9), (13;10), (13;11), (3;3), (4;3), (3;4), (4;4), (14;6), (13;7), (14;7), (15;7), (13;8), (14;8)];
13,7:[(1;7), (2;7), (3;7), (4;7), (5;7), (6;7), (7;7), (8;7), (9;7), (10;7), (11;7), (12;7), (13;7), (14;7), (15;7), (16;7), (17;7), (18;7), (5;8), (6;8), (7;8), (12;8), (13;8), (14;8), (12;9), (13;9), (14;9), (13;10), (13;11), (3;3), (4;3), (3;4), (4;4), (14;6), (13;7), (14;7), (15;7), (13;8), (14;8)];
14,7:[(14;5), (14;6), (1;7), (2;7), (3;7), (4;7), (5;7), (6;7), (7;7), (8;7), (9;7), (10;7), (11;7), (12;7), (13;7), (14;7), (15;7), (16;7), (17;7), (18;7), (5;8), (6;8), (7;8), (12;8), (13;8), (14;8), (18;8), (12;9), (13;9), (14;9), (13;10), (13;11), (3;3), (4;3), (3;4), (4;4), (14;6), (13;7), (14;7), (15;7), (13;8), (14;8)];
15,7:[(1;7), (2;7), (3;7), (4;7), (5;7), (6;7), (7;7), (8;7), (9;7), (10;7), (11;7), (12;7), (13;7), (14;7), (15;7), (16;7), (17;7), (18;7), (5;8), (12;8), (13;8), (17;8), (18;8), (12;9), (3;3), (4;3), (3;4), (4;4), (14;6), (13;7), (14;7), (15;7), (13;8), (14;8)];
16,7:[(2;7), (3;7), (4;7), (5;7), (6;7), (7;7), (8;7), (9;7), (10;7), (11;7), (12;7), (13;7), (14;7), (15;7), (16;7), (17;7), (18;7), (12;8), (16;8), (17;8), (18;8), (16;9), (16;10), (16;11), (16;12), (16;13), (16;14), (16;15), (3;3), (4;3), (3;4), (4;4), (14;6), (13;7), (14;7), (15;7), (13;8), (14;8)];
17,7:[(17;1), (17;2), (16;3), (17;3), (17;4), (17;5), (17;6), (3;7), (4;7), (5;7), (6;7), (7;7), (8;7), (9;7), (10;7), (11;7), (12;7), (13;7), (14;7), (15;7), (16;7), (17;7), (18;7), (16;8), (17;8), (18;8), (16;9), (3;3), (4;3), (3;4), (4;4), (14;6), (13;7), (14;7), (15;7), (13;8), (14;8)];
18,7:[(4;7), (5;7), (6;7), (7;7), (8;7), (9;7), (10;7), (11;7), (12;7), (13;7), (14;7), (15;7), (16;7), (17;7), (18;7), (16;8), (17;8), (18;8), (3;3), (4;3), (3;4), (4;4), (14;6), (13;7), (14;7), (15;7), (13;8), (14;8)];
19,7:[(3;3), (4;3), (3;4), (4;4), (14;6), (13;7), (14;7), (15;7), (13;8), (14;8)];
0,8:[(3;3), (4;3), (3;4), (4;4), (14;6), (13;7), (14;7), (15;7), (13;8), (14;8)];
1,8:[(3;3), (4;3), (3;4), (4;4), (14;6), (13;7), (14;7), (15;7), (13;8), (14;8)];
2,8:[(3;3), (4;3), (3;4), (4;4), (14;6), (13;7), (14;7), (15;7), (13;8), (14;8)];
3,8:[(3;3), (4;3), (3;4), (4;4), (14;6), (13;7), (14;7), (15;7), (13;8), (14;8)];
4,8:[(3;3), (4;3), (3;4), (4;4), (14;6), (13;7), (14;7), (15;7), (13;8), (14;8)];
5,8:[(3;1), (5;1), (3;2), (5;2), (3;3), (4;3), (5;3), (4;4), (5;4), (4;5), (5;5), (4;6), (5;6), (5;7), (6;7), (7;7), (8;7), (9;7), (10;7), (11;7), (12;7), (13;7), (14;7), (15;7), (5;8), (6;8), (7;8), (8;8), (9;8), (10;8), (5;9), (6;9), (7;9), (8;9), (9;9), (10;9), (4;10), (6;10), (7;10), (8;10), (9;10), (10;10), (3;3), (4;3), (3;4), (4;4), (14;6), (13;7), (14;7), (15;7), (13;8), (14;8)];
6,8:[(3;2), (3;3), (4;3), (4;4), (4;5), (1;6), (2;6), (3;6), (4;6), (5;6), (4;7), (5;7), (6;7), (7;7), (8;7), (9;7), (10;7), (11;7), (12;7), (13;7), (14;7), (5;8), (6;8), (7;8), (8;8), (9;8), (10;8), (4;9), (5;9), (6;9), (7;9), (8;9), (9;9), (10;9), (6;10), (7;10), (8;10), (9;10), (10;10), (6;11), (6;12), (6;13), (6;14), (6;15), (3;3), (4;3), (3;4), (4;4), (14;6), (13;7), (14;7), (15;7), (13;8), (14;8)];
7,8:[(1;6), (2;6), (3;6), (4;6), (3;7), (4;7), (5;7), (6;7), (7;7), (8;7), (9;7), (10;7), (11;7), (12;7), (13;7), (5;8), (6;8), (7;8), (8;8), (9;8), (10;8), (4;9), (5;9), (6;9), (7;9), (8;9), (9;9), (10;9), (6;10), (7;10), (8;10), (9;10), (10;10), (6;11), (6;12), (3;3), (4;3), (3;4), (4;4), (14;6), (13;7), (14;7), (15;7), (13;8), (14;8)];
8,8:[(1;6), (2;6), (3;6), (4;6), (9;6), (2;7), (3;7), (4;7), (5;7), (6;7), (7;7), (8;7), (9;7), (10;7), (11;7), (12;7), (5;8), (6;8), (7;8), (8;8), (9;8), (10;8), (4;9), (5;9), (6;9), (7;9), (8;9), (9;9), (10;9), (6;10), (7;10), (8;10), (9;10), (10;10), (6;11), (10;11), (3;3), (4;3), (3;4), (4;4), (14;6), (13;7), (14;7), (15;7), (13;8), (14;8)];
9,8:[(9;0), (9;1), (9;2), (9;3), (9;4), (9;5), (1;6), (2;6), (3;6), (4;6), (9;6), (1;7), (2;7), (3;7), (4;7), (5;7), (6;7), (7;7), (8;7), (9;7), (10;7), (11;7), (5;8), (6;8), (7;8), (8;8), (9;8), (10;8), (4;9), (5;9), (6;9), (7;9), (8;9), (9;9), (10;9), (6;10), (7;10), (8;10), (9;10), (10;10), (10;11), (10;12), (11;13), (11;14), (11;15), (3;3), (4;3), (3;4), (4;4), (14;6), (13;7), (14;7), (15;7), (13;8), (14;8)];
10,8:[(1;6), (2;6), (3;6), (9;6), (1;7), (2;7), (3;7), (4;7), (5;7), (6;7), (7;7), (8;7), (9;7), (10;7), (5;8), (6;8), (7;8), (8;8), (9;8), (10;8), (4;9), (5;9), (6;9), (7;9), (8;9), (9;9), (10;9), (6;10), (7;10), (8;10), (9;10), (10;10), (10;11), (10;12), (10;13), (10;14), (10;15), (9;16), (9;17), (9;18), (3;3), (4;3), (3;4), (4;4), (14;6), (13;7), (14;7), (15;7), (13;8), (14;8)];
11,8:[(3;3), (4;3), (3;4), (4;4), (14;6), (13;7), (14;7), (15;7), (13;8), (14;8)];
12,8:[(12;7), (13;7), (14;7), (15;7), (16;7), (12;8), (13;8), (14;8), (12;9), (13;9), (14;9), (13;10), (3;3), (4;3), (3;4), (4;4), (14;6), (13;7), (14;7), (15;7), (13;8), (14;8)];
13,8:[(14;6), (11;7), (12;7), (13;7), (14;7), (15;7), (12;8), (13;8), (14;8), (12;9), (13;9), (14;9), (13;10), (13;11), (3;3), (4;3), (3;4), (4;4), (14;6), (13;7), (14;7), (15;7), (13;8), (14;8)];
14,8:[(14;5), (14;6), (10;7), (11;7), (12;7), (13;7), (14;7), (12;8), (13;8), (14;8), (12;9), (13;9), (14;9), (13;10), (3;3), (4;3), (3;4), (4;4), (14;6), (13;7), (14;7), (15;7), (13;8), (14;8)];
15,8:[(3;3), (4;3), (3;4), (4;4), (14;6), (13;7), (14;7), (15;7), (13;8), (14;8)];
16,8:[(17;6), (16;7), (17;7), (18;7), (16;8), (17;8), (18;8), (16;9), (16;10), (16;11), (16;12), (16;13), (16;14), (16;15), (3;3), (4;3), (3;4), (4;4), (14;6), (13;7), (14;7), (15;7), (13;8), (14;8)];
17,8:[(17;1), (17;2), (17;3), (17;4), (17;5), (17;6), (15;7), (16;7), (17;7), (18;7), (16;8), (17;8), (18;8), (3;3), (4;3), (3;4), (4;4), (14;6), (13;7), (14;7), (15;7), (13;8), (14;8)];
18,8:[(17;6), (14;7), (15;7), (16;7), (17;7), (18;7), (16;8), (17;8), (18;8), (3;3), (4;3), (3;4), (4;4), (14;6), (13;7), (14;7), (15;7), (13;8), (14;8)];
19,8:[(3;3), (4;3), (3;4), (4;4), (14;6), (13;7), (14;7), (15;7), (13;8), (14;8)];
0,9:[(3;3), (4;3), (3;4), (4;4), (14;6), (13;7), (14;7), (15;7), (13;8), (14;8)];
1,9:[(1;9), (2;9), (1;10), (2;10), (1;11), (2;11), (3;12), (3;3), (4;3), (3;4), (4;4), (14;6), (13;7), (14;7), (15;7), (13;8), (14;8)];
2,9:[(1;9), (2;9), (1;10), (2;10), (1;11), (2;11), (3;3), (4;3), (3;4), (4;4), (14;6), (13;7), (14;7), (15;7), (13;8), (14;8)];
3,9:[(3;3), (4;3), (3;4), (4;4), (14;6), (13;7), (14;7), (15;7), (13;8), (14;8)];
4,9:[(7;7), (8;7), (9;7), (10;7), (11;7), (12;7), (6;8), (7;8), (8;8), (9;8), (10;8), (4;9), (5;9), (6;9), (7;9), (8;9), (9;9), (10;9), (4;10), (7;10), (8;10), (9;10), (10;10), (4;11), (4;12), (3;13), (3;14), (3;15), (3;3), (4;3), (3;4), (4;4), (14;6), (13;7), (14;7), (15;7), (13;8), (14;8)];
5,9:[(3;1), (5;1), (3;2), (5;2), (4;3), (5;3), (4;4), (5;4), (4;5), (5;5), (5;6), (5;7), (6;7), (7;7), (8;7), (9;7), (10;7), (11;7), (12;7), (5;8), (6;8), (7;8), (8;8), (9;8), (10;8), (4;9), (5;9), (6;9), (7;9), (8;9), (9;9), (10;9), (7;10), (8;10), (9;10), (10;10), (3;3), (4;3), (3;4), (4;4), (14;6), (13;7), (14;7), (15;7), (13;8), (14;8)];
6,9:[(3;2), (3;3), (4;3), (4;4), (4;5), (5;5), (4;6), (5;6), (5;7), (6;7), (7;7), (8;7), (9;7), (10;7), (11;7), (5;8), (6;8), (7;8), (8;8), (9;8), (10;8), (4;9), (5;9), (6;9), (7;9), (8;9), (9;9), (10;9), (6;10), (7;10), (8;10), (9;10), (10;10), (6;11), (6;12), (6;13), (6;14), (6;15), (3;3), (4;3), (3;4), (4;4), (14;6), (13;7), (14;7), (15;7), (13;8), (14;8)];
7,9:[(4;5), (3;6), (4;6), (5;6), (9;6), (4;7), (5;7), (6;7), (7;7), (8;7), (9;7), (10;7), (11;7), (5;8), (6;8), (7;8), (8;8), (9;8), (10;8), (4;9), (5;9), (6;9), (7;9), (8;9), (9;9), (10;9), (6;10), (7;10), (8;10), (9;10), (10;10), (6;11), (3;3), (4;3), (3;4), (4;4), (14;6), (13;7), (14;7), (15;7), (13;8), (14;8)];
8,9:[(9;5), (2;6), (3;6), (4;6), (9;6), (4;7), (5;7), (6;7), (7;7), (8;7), (9;7), (10;7), (11;7), (5;8), (6;8), (7;8), (8;8), (9;8), (10;8), (4;9), (5;9), (6;9), (7;9), (8;9), (9;9), (10;9), (6;10), (7;10), (8;10), (9;10), (10;10), (3;3), (4;3), (3;4), (4;4), (14;6), (13;7), (14;7), (15;7), (13;8), (14;8)];
9,9:[(9;0), (9;1), (9;2), (9;3), (9;4), (9;5), (1;6), (2;6), (3;6), (4;6), (9;6), (4;7), (5;7), (6;7), (7;7), (8;7), (9;7), (10;7), (5;8), (6;8), (7;8), (8;8), (9;8), (10;8), (4;9), (5;9), (6;9), (7;9), (8;9), (9;9), (10;9), (6;10), (7;10), (8;10), (9;10), (10;10), (10;11), (3;3), (4;3), (3;4), (4;4), (14;6), (13;7), (14;7), (15;7), (13;8), (14;8)];
10,9:[(9;5), (1;6), (2;6), (3;6), (4;6), (9;6), (3;7), (4;7), (5;7), (6;7), (7;7), (8;7), (9;7), (10;7), (5;8), (6;8), (7;8), (8;8), (9;8), (10;8), (4;9), (5;9), (6;9), (7;9), (8;9), (9;9), (10;9), (6;10), (7;10), (8;10), (9;10), (10;10), (10;11), (10;12), (10;13), (10;14), (9;15), (10;15), (11;15), (9;16), (9;17), (9;18), (3;3), (4;3), (3;4), (4;4), (14;6), (13;7), (14;7), (15;7), (13;8), (14;8)];
11,9:[(3;3), (4;3), (3;4), (4;4), (14;6), (13;7), (14;7), (15;7), (13;8), (14;8)];
12,9:[(14;6), (12;7), (13;7), (14;7), (15;7), (12;8), (13;8), (14;8), (12;9), (13;9), (14;9), (3;3), (4;3), (3;4), (4;4), (14;6), (13;7), (14;7), (15;7), (13;8), (14;8)];
13,9:[(14;5), (14;6), (12;7), (13;7), (14;7), (12;8), (13;8), (14;8), (12;9), (13;9), (14;9), (13;10), (13;11), (3;3), (4;3), (3;4), (4;4), (14;6), (13;7), (14;7), (15;7), (13;8), (14;8)];
14,9:[(14;5), (14;6), (11;7), (12;7), (13;7), (14;7), (12;8), (13;8), (14;8), (12;9), (13;9), (14;9), (3;3), (4;3), (3;4), (4;4), (14;6), (13;7), (14;7), (15;7), (13;8), (14;8)];
15,9:[(3;3), (4;3), (3;4), (4;4), (14;6), (13;7), (14;7), (15;7), (13;8), (14;8)];
16,9:[(18;4), (17;5), (17;6), (16;7), (17;7), (16;8), (16;9), (16;10), (16;11), (16;12), (16;13), (16;14), (16;15), (3;3), (4;3), (3;4), (4;4), (14;6), (13;7), (14;7), (15;7), (13;8), (14;8)];
17,9:[(3;3), (4;3), (3;4), (4;4), (14;6), (13;7), (14;7), (15;7), (13;8), (14;8)];
18,9:[(3;3), (4;3), (3;4), (4;4), (14;6), (13;7), (14;7), (15;7), (13;8), (14;8)];
19,9:[(3;3), (4;3), (3;4), (4;4), (14;6), (13;7), (14;7), (15;7), (13;8), (14;8)];
0,10:[(3;3), (4;3), (3;4), (4;4), (14;6), (13;7), (14;7), (15;7), (13;8), (14;8)];
1,10:[(1;9), (2;9), (1;10), (2;10), (1;11), (2;11), (3;11), (4;12), (3;3), (4;3), (3;4), (4;4), (14;6), (13;7), (14;7), (15;7), (13;8), (14;8)];
2,10:[(1;9), (2;9), (1;10), (2;10), (1;11), (2;11), (3;12), (3;3), (4;3), (3;4), (4;4), (14;6), (13;7), (14;7), (15;7), (13;8), (14;8)];
3,10:[(3;3), (4;3), (3;4), (4;4), (14;6), (13;7), (14;7), (15;7), (13;8), (14;8)];
4,10:[(6;7), (5;8), (4;9), (4;10), (4;11), (3;12), (4;12), (3;13), (3;14), (3;3), (4;3), (3;4), (4;4), (14;6), (13;7), (14;7), (15;7), (13;8), (14;8)];
5,10:[(3;3), (4;3), (3;4), (4;4), (14;6), (13;7), (14;7), (15;7), (13;8), (14;8)];
6,10:[(3;2), (3;3), (4;3), (4;4), (5;4), (4;5), (5;5), (4;6), (5;6), (9;6), (5;7), (6;7), (7;7), (8;7), (9;7), (10;7), (11;7), (5;8), (6;8), (7;8), (8;8), (9;8), (10;8), (6;9), (7;9), (8;9), (9;9), (10;9), (6;10), (7;10), (8;10), (9;10), (10;10), (6;11), (6;12), (6;13), (6;14), (6;15), (3;3), (4;3), (3;4), (4;4), (14;6), (13;7), (14;7), (15;7), (13;8), (14;8)];
7,10:[(3;2), (3;3), (4;4), (4;5), (4;6), (5;6), (9;6), (5;7), (6;7), (7;7), (8;7), (9;7), (10;7), (11;7), (5;8), (6;8), (7;8), (8;8), (9;8), (10;8), (5;9), (6;9), (7;9), (8;9), (9;9), (10;9), (6;10), (7;10), (8;10), (9;10), (10;10), (3;3), (4;3), (3;4), (4;4), (14;6), (13;7), (14;7), (15;7), (13;8), (14;8)];
8,10:[(9;4), (4;5), (9;5), (3;6), (4;6), (5;6), (9;6), (4;7), (5;7), (6;7), (7;7), (8;7), (9;7), (10;7), (5;8), (6;8), (7;8), (8;8), (9;8), (10;8), (4;9), (5;9), (6;9), (7;9), (8;9), (9;9), (10;9), (6;10), (7;10), (8;10), (9;10), (10;10), (3;3), (4;3), (3;4), (4;4), (14;6), (13;7), (14;7), (15;7), (13;8), (14;8)];
9,10:[(9;0), (9;1), (9;2), (9;3), (9;4), (9;5), (2;6), (3;6), (4;6), (9;6), (4;7), (5;7), (6;7), (7;7), (8;7), (9;7), (10;7), (5;8), (6;8), (7;8), (8;8), (9;8), (10;8), (4;9), (5;9), (6;9), (7;9), (8;9), (9;9), (10;9), (6;10), (7;10), (8;10), (9;10), (10;10), (3;3), (4;3), (3;4), (4;4), (14;6), (13;7), (14;7), (15;7), (13;8), (14;8)];
10,10:[(9;4), (9;5), (2;6), (3;6), (4;6), (9;6), (4;7), (5;7), (6;7), (7;7), (8;7), (9;7), (10;7), (5;8), (6;8), (7;8), (8;8), (9;8), (10;8), (4;9), (5;9), (6;9), (7;9), (8;9), (9;9), (10;9), (6;10), (7;10), (8;10), (9;10), (10;10), (10;11), (10;12), (10;13), (9;14), (10;14), (11;14), (9;15), (10;15), (11;15), (9;16), (9;17), (9;18), (3;3), (4;3), (3;4), (4;4), (14;6), (13;7), (14;7), (15;7), (13;8), (14;8)];
11,10:[(3;3), (4;3), (3;4), (4;4), (14;6), (13;7), (14;7), (15;7), (13;8), (14;8)];
12,10:[(3;3), (4;3), (3;4), (4;4), (14;6), (13;7), (14;7), (15;7), (13;8), (14;8)];
13,10:[(14;5), (14;6), (12;7), (13;7), (14;7), (12;8), (13;8), (14;8), (13;9), (13;10), (13;11), (3;3), (4;3), (3;4), (4;4), (14;6), (13;7), (14;7), (15;7), (13;8), (14;8)];
14,10:[(3;3), (4;3), (3;4), (4;4), (14;6), (13;7), (14;7), (15;7), (13;8), (14;8)];
15,10:[(3;3), (4;3), (3;4), (4;4), (14;6), (13;7), (14;7), (15;7), (13;8), (14;8)];
16,10:[(17;4), (17;5), (17;6), (16;7), (16;8), (16;9), (16;10), (16;11), (16;12), (16;13), (16;14), (16;15), (3;3), (4;3), (3;4), (4;4), (14;6), (13;7), (14;7), (15;7), (13;8), (14;8)];
17,10:[(3;3), (4;3), (3;4), (4;4), (14;6), (13;7), (14;7), (15;7), (13;8), (14;8)];
18,10:[(18;10), (18;11), (18;12), (18;13), (18;14), (18;15), (3;3), (4;3), (3;4), (4;4), (14;6), (13;7), (14;7), (15;7), (13;8), (14;8)];
19,10:[(3;3), (4;3), (3;4), (4;4), (14;6), (13;7), (14;7), (15;7), (13;8), (14;8)];
0,11:[(3;3), (4;3), (3;4), (4;4), (14;6), (13;7), (14;7), (15;7), (13;8), (14;8)];
1,11:[(1;9), (2;9), (1;10), (2;10), (1;11), (2;11), (3;11), (4;11), (4;12), (3;3), (4;3), (3;4), (4;4), (14;6), (13;7), (14;7), (15;7), (13;8), (14;8)];
2,11:[(1;9), (2;9), (1;10), (2;10), (1;11), (2;11), (3;11), (4;11), (4;12), (3;3), (4;3), (3;4), (4;4), (14;6), (13;7), (14;7), (15;7), (13;8), (14;8)];
3,11:[(1;10), (1;11), (2;11), (3;11), (4;11), (3;12), (4;12), (3;13), (3;14), (3;15), (3;16), (3;17), (3;18), (3;3), (4;3), (3;4), (4;4), (14;6), (13;7), (14;7), (15;7), (13;8), (14;8)];
4,11:[(4;9), (1;10), (4;10), (1;11), (2;11), (3;11), (4;11), (3;12), (4;12), (3;13), (3;3), (4;3), (3;4), (4;4), (14;6), (13;7), (14;7), (15;7), (13;8), (14;8)];
5,11:[(3;3), (4;3), (3;4), (4;4), (14;6), (13;7), (14;7), (15;7), (13;8), (14;8)];
6,11:[(4;3), (5;3), (4;4), (5;4), (5;5), (5;6), (9;6), (5;7), (6;7), (7;7), (8;7), (9;7), (6;8), (7;8), (8;8), (6;9), (7;9), (6;10), (6;11), (6;12), (6;13), (6;14), (6;15), (3;3), (4;3), (3;4), (4;4), (14;6), (13;7), (14;7), (15;7), (13;8), (14;8)];
7,11:[(3;3), (4;3), (3;4), (4;4), (14;6), (13;7), (14;7), (15;7), (13;8), (14;8)];
8,11:[(3;3), (4;3), (3;4), (4;4), (14;6), (13;7), (14;7), (15;7), (13;8), (14;8)];
9,11:[(3;3), (4;3), (3;4), (4;4), (14;6), (13;7), (14;7), (15;7), (13;8), (14;8)];
10,11:[(9;3), (9;4), (9;5), (9;6), (7;7), (8;7), (9;7), (10;7), (8;8), (9;8), (10;8), (9;9), (10;9), (10;10), (10;11), (10;12), (9;13), (10;13), (11;13), (8;14), (9;14), (10;14), (11;14), (8;15), (9;15), (10;15), (11;15), (9;16), (9;17), (9;18), (3;3), (4;3), (3;4), (4;4), (14;6), (13;7), (14;7), (15;7), (13;8), (14;8)];
11,11:[(3;3), (4;3), (3;4), (4;4), (14;6), (13;7), (14;7), (15;7), (13;8), (14;8)];
12,11:[(3;3), (4;3), (3;4), (4;4), (14;6), (13;7), (14;7), (15;7), (13;8), (14;8)];
13,11:[(14;5), (14;6), (12;7), (13;7), (14;7), (13;8), (13;9), (13;10), (13;11), (14;11), (15;11), (16;11), (3;3), (4;3), (3;4), (4;4), (14;6), (13;7), (14;7), (15;7), (13;8), (14;8)];
14,11:[(13;11), (14;11), (15;11), (16;11), (17;12), (18;12), (3;3), (4;3), (3;4), (4;4), (14;6), (13;7), (14;7), (15;7), (13;8), (14;8)];
15,11:[(13;11), (14;11), (15;11), (16;11), (17;12), (3;3), (4;3), (3;4), (4;4), (14;6), (13;7), (14;7), (15;7), (13;8), (14;8)];
16,11:[(16;7), (16;8), (16;9), (16;10), (13;11), (14;11), (15;11), (16;11), (16;12), (16;13), (16;14), (16;15), (3;3), (4;3), (3;4), (4;4), (14;6), (13;7), (14;7), (15;7), (13;8), (14;8)];
17,11:[(3;3), (4;3), (3;4), (4;4), (14;6), (13;7), (14;7), (15;7), (13;8), (14;8)];
18,11:[(18;10), (18;11), (18;12), (18;13), (18;14), (18;15), (3;3), (4;3), (3;4), (4;4), (14;6), (13;7), (14;7), (15;7), (13;8), (14;8)];
19,11:[(3;3), (4;3), (3;4), (4;4), (14;6), (13;7), (14;7), (15;7), (13;8), (14;8)];
0,12:[(3;3), (4;3), (3;4), (4;4), (14;6), (13;7), (14;7), (15;7), (13;8), (14;8)];
1,12:[(3;3), (4;3), (3;4), (4;4), (14;6), (13;7), (14;7), (15;7), (13;8), (14;8)];
2,12:[(3;3), (4;3), (3;4), (4;4), (14;6), (13;7), (14;7), (15;7), (13;8), (14;8)];
3,12:[(1;9), (2;10), (4;10), (3;11), (4;11), (3;12), (4;12), (3;13), (3;14), (3;15), (3;16), (3;17), (3;18), (3;3), (4;3), (3;4), (4;4), (14;6), (13;7), (14;7), (15;7), (13;8), (14;8)];
4,12:[(4;9), (1;10), (4;10), (2;11), (3;11), (4;11), (3;12), (4;12), (2;13), (3;3), (4;3), (3;4), (4;4), (14;6), (13;7), (14;7), (15;7), (13;8), (14;8)];
5,12:[(3;3), (4;3), (3;4), (4;4), (14;6), (13;7), (14;7), (15;7), (13;8), (14;8)];
6,12:[(5;2), (5;3), (5;4), (5;5), (5;6), (6;7), (7;7), (6;8), (7;8), (6;9), (6;10), (6;11), (6;12), (6;13), (6;14), (6;15), (5;16), (5;17), (5;18), (3;3), (4;3), (3;4), (4;4), (14;6), (13;7), (14;7), (15;7), (13;8), (14;8)];
7,12:[(3;3), (4;3), (3;4), (4;4), (14;6), (13;7), (14;7), (15;7), (13;8), (14;8)];
8,12:[(8;12), (9;12), (10;12), (11;12), (8;13), (9;13), (10;13), (11;13), (12;13), (13;13), (14;13), (8;14), (9;14), (10;14), (11;14), (14;14), (15;14), (16;14), (8;15), (9;15), (10;15), (11;15), (17;15), (18;15), (9;16), (9;17), (9;18), (3;3), (4;3), (3;4), (4;4), (14;6), (13;7), (14;7), (15;7), (13;8), (14;8)];
9,12:[(8;12), (9;12), (10;12), (11;12), (8;13), (9;13), (10;13), (11;13), (12;13), (13;13), (8;14), (9;14), (10;14), (11;14), (14;14), (15;14), (16;14), (8;15), (9;15), (10;15), (11;15), (17;15), (9;16), (9;17), (9;18), (3;3), (4;3), (3;4), (4;4), (14;6), (13;7), (14;7), (15;7), (13;8), (14;8)];
10,12:[(9;2), (9;3), (9;4), (9;5), (9;6), (9;7), (10;7), (9;8), (10;8), (10;9), (10;10), (10;11), (8;12), (9;12), (10;12), (11;12), (8;13), (9;13), (10;13), (11;13), (12;13), (7;14), (8;14), (9;14), (10;14), (11;14), (8;15), (9;15), (10;15), (11;15), (9;16), (9;17), (9;18), (3;3), (4;3), (3;4), (4;4), (14;6), (13;7), (14;7), (15;7), (13;8), (14;8)];
11,12:[(8;12), (9;12), (10;12), (11;12), (8;13), (9;13), (10;13), (11;13), (7;14), (8;14), (9;14), (10;14), (11;14), (8;15), (9;15), (10;15), (11;15), (9;16), (3;3), (4;3), (3;4), (4;4), (14;6), (13;7), (14;7), (15;7), (13;8), (14;8)];
12,12:[(3;3), (4;3), (3;4), (4;4), (14;6), (13;7), (14;7), (15;7), (13;8), (14;8)];
13,12:[(3;3), (4;3), (3;4), (4;4), (14;6), (13;7), (14;7), (15;7), (13;8), (14;8)];
14,12:[(3;3), (4;3), (3;4), (4;4), (14;6), (13;7), (14;7), (15;7), (13;8), (14;8)];
15,12:[(3;3), (4;3), (3;4), (4;4), (14;6), (13;7), (14;7), (15;7), (13;8), (14;8)];
16,12:[(16;7), (16;8), (16;9), (16;10), (16;11), (16;12), (17;12), (18;12), (16;13), (16;14), (16;15), (15;16), (15;17), (15;18), (3;3), (4;3), (3;4), (4;4), (14;6), (13;7), (14;7), (15;7), (13;8), (14;8)];
17,12:[(15;11), (16;12), (17;12), (18;12), (3;3), (4;3), (3;4), (4;4), (14;6), (13;7), (14;7), (15;7), (13;8), (14;8)];
18,12:[(18;10), (18;11), (16;12), (17;12), (18;12), (18;13), (18;14), (18;15), (3;3), (4;3), (3;4), (4;4), (14;6), (13;7), (14;7), (15;7), (13;8), (14;8)];
19,12:[(3;3), (4;3), (3;4), (4;4), (14;6), (13;7), (14;7), (15;7), (13;8), (14;8)];
0,13:[(3;3), (4;3), (3;4), (4;4), (14;6), (13;7), (14;7), (15;7), (13;8), (14;8)];
1,13:[(4;12), (1;13), (2;13), (3;13), (1;14), (4;14), (5;14), (1;15), (3;3), (4;3), (3;4), (4;4), (14;6), (13;7), (14;7), (15;7), (13;8), (14;8)];
2,13:[(4;12), (1;13), (2;13), (3;13), (4;14), (5;15), (6;15), (3;3), (4;3), (3;4), (4;4), (14;6), (13;7), (14;7), (15;7), (13;8), (14;8)];
3,13:[(5;8), (4;9), (4;10), (3;11), (4;11), (3;12), (1;13), (2;13), (3;13), (3;14), (3;15), (4;15), (3;16), (5;16), (3;17), (3;18), (3;3), (4;3), (3;4), (4;4), (14;6), (13;7), (14;7), (15;7), (13;8), (14;8)];
4,13:[(3;3), (4;3), (3;4), (4;4), (14;6), (13;7), (14;7), (15;7), (13;8), (14;8)];
5,13:[(3;3), (4;3), (3;4), (4;4), (14;6), (13;7), (14;7), (15;7), (13;8), (14;8)];
6,13:[(6;7), (7;7), (6;8), (6;9), (6;10), (6;11), (6;12), (6;13), (6;14), (5;15), (6;15), (5;16), (5;17), (3;3), (4;3), (3;4), (4;4), (14;6), (13;7), (14;7), (15;7), (13;8), (14;8)];
7,13:[(3;3), (4;3), (3;4), (4;4), (14;6), (13;7), (14;7), (15;7), (13;8), (14;8)];
8,13:[(8;12), (9;12), (10;12), (11;12), (8;13), (9;13), (10;13), (11;13), (12;13), (13;13), (14;13), (8;14), (9;14), (10;14), (11;14), (8;15), (9;15), (10;15), (11;15), (9;16), (9;17), (3;3), (4;3), (3;4), (4;4), (14;6), (13;7), (14;7), (15;7), (13;8), (14;8)];
9,13:[(10;11), (8;12), (9;12), (10;12), (11;12), (8;13), (9;13), (10;13), (11;13), (12;13), (13;13), (14;13), (7;14), (8;14), (9;14), (10;14), (11;14), (8;15), (9;15), (10;15), (11;15), (9;16), (9;17), (9;18), (3;3), (4;3), (3;4), (4;4), (14;6), (13;7), (14;7), (15;7), (13;8), (14;8)];
10,13:[(9;1), (9;2), (9;3), (9;4), (9;5), (9;6), (9;7), (10;7), (10;8), (10;9), (10;10), (10;11), (8;12), (9;12), (10;12), (11;12), (8;13), (9;13), (10;13), (11;13), (12;13), (13;13), (14;13), (6;14), (7;14), (8;14), (9;14), (10;14), (11;14), (1;15), (2;15), (3;15), (4;15), (5;15), (8;15), (9;15), (10;15), (11;15), (9;16), (9;17), (3;3), (4;3), (3;4), (4;4), (14;6), (13;7), (14;7), (15;7), (13;8), (14;8)];
11,13:[(10;11), (8;12), (9;12), (10;12), (11;12), (8;13), (9;13), (10;13), (11;13), (12;13), (13;13), (14;13), (5;14), (6;14), (7;14), (8;14), (9;14), (10;14), (11;14), (14;14), (15;14), (16;14), (1;15), (2;15), (3;15), (4;15), (5;15), (8;15), (9;15), (10;15), (11;15), (17;15), (18;15), (9;16), (3;3), (4;3), (3;4), (4;4), (14;6), (13;7), (14;7), (15;7), (13;8), (14;8)];
12,13:[(8;12), (9;12), (10;12), (8;13), (9;13), (10;13), (11;13), (12;13), (13;13), (14;13), (4;14), (5;14), (6;14), (7;14), (8;14), (9;14), (10;14), (14;14), (15;14), (16;14), (1;15), (2;15), (3;15), (4;15), (8;15), (9;15), (16;15), (17;15), (3;3), (4;3), (3;4), (4;4), (14;6), (13;7), (14;7), (15;7), (13;8), (14;8)];
13,13:[(8;12), (9;12), (10;12), (8;13), (9;13), (10;13), (11;13), (12;13), (13;13), (14;13), (3;14), (4;14), (5;14), (6;14), (7;14), (8;14), (9;14), (10;14), (13;14), (14;14), (15;14), (1;15), (2;15), (3;15), (4;15), (13;15), (16;15), (17;15), (13;16), (13;17), (3;3), (4;3), (3;4), (4;4), (14;6), (13;7), (14;7), (15;7), (13;8), (14;8)];
14,13:[(8;12), (8;13), (9;13), (10;13), (11;13), (12;13), (13;13), (14;13), (3;14), (4;14), (5;14), (6;14), (7;14), (8;14), (13;14), (14;14), (1;15), (2;15), (3;15), (13;15), (15;15), (3;3), (4;3), (3;4), (4;4), (14;6), (13;7), (14;7), (15;7), (13;8), (14;8)];
15,13:[(3;3), (4;3), (3;4), (4;4), (14;6), (13;7), (14;7), (15;7), (13;8), (14;8)];
16,13:[(16;7), (16;8), (16;9), (16;10), (16;11), (16;12), (16;13), (16;14), (15;15), (16;15), (15;16), (15;17), (14;18), (3;3), (4;3), (3;4), (4;4), (14;6), (13;7), (14;7), (15;7), (13;8), (14;8)];
17,13:[(3;3), (4;3), (3;4), (4;4), (14;6), (13;7), (14;7), (15;7), (13;8), (14;8)];
18,13:[(18;10), (18;11), (18;12), (18;13), (18;14), (18;15), (3;3), (4;3), (3;4), (4;4), (14;6), (13;7), (14;7), (15;7), (13;8), (14;8)];
19,13:[(3;3), (4;3), (3;4), (4;4), (14;6), (13;7), (14;7), (15;7), (13;8), (14;8)];
0,14:[(3;3), (4;3), (3;4), (4;4), (14;6), (13;7), (14;7), (15;7), (13;8), (14;8)];
1,14:[(1;13), (1;14), (1;15), (3;3), (4;3), (3;4), (4;4), (14;6), (13;7), (14;7), (15;7), (13;8), (14;8)];
2,14:[(3;3), (4;3), (3;4), (4;4), (14;6), (13;7), (14;7), (15;7), (13;8), (14;8)];
3,14:[(4;9), (4;10), (3;11), (3;12), (3;13), (3;14), (4;14), (5;14), (6;14), (7;14), (8;14), (9;14), (10;14), (11;14), (3;15), (4;15), (5;15), (6;15), (3;16), (3;17), (3;18), (3;3), (4;3), (3;4), (4;4), (14;6), (13;7), (14;7), (15;7), (13;8), (14;8)];
4,14:[(2;13), (12;13), (13;13), (14;13), (3;14), (4;14), (5;14), (6;14), (7;14), (8;14), (9;14), (10;14), (11;14), (2;15), (3;15), (4;15), (5;15), (6;15), (3;16), (5;16), (3;3), (4;3), (3;4), (4;4), (14;6), (13;7), (14;7), (15;7), (13;8), (14;8)];
5,14:[(1;13), (2;13), (11;13), (12;13), (13;13), (14;13), (3;14), (4;14), (5;14), (6;14), (7;14), (8;14), (9;14), (10;14), (11;14), (1;15), (2;15), (3;15), (4;15), (5;15), (6;15), (11;15), (5;16), (5;17), (5;18), (3;3), (4;3), (3;4), (4;4), (14;6), (13;7), (14;7), (15;7), (13;8), (14;8)];
6,14:[(6;7), (6;8), (6;9), (6;10), (6;11), (6;12), (6;13), (9;13), (10;13), (11;13), (12;13), (13;13), (14;13), (3;14), (4;14), (5;14), (6;14), (7;14), (8;14), (9;14), (10;14), (11;14), (1;15), (2;15), (3;15), (4;15), (5;15), (6;15), (9;15), (10;15), (11;15), (5;16), (3;3), (4;3), (3;4), (4;4), (14;6), (13;7), (14;7), (15;7), (13;8), (14;8)];
7,14:[(10;12), (11;12), (9;13), (10;13), (11;13), (12;13), (13;13), (14;13), (3;14), (4;14), (5;14), (6;14), (7;14), (8;14), (9;14), (10;14), (11;14), (1;15), (2;15), (3;15), (4;15), (5;15), (9;15), (10;15), (11;15), (3;3), (4;3), (3;4), (4;4), (14;6), (13;7), (14;7), (15;7), (13;8), (14;8)];
8,14:[(10;11), (8;12), (9;12), (10;12), (11;12), (8;13), (9;13), (10;13), (11;13), (12;13), (13;13), (14;13), (3;14), (4;14), (5;14), (6;14), (7;14), (8;14), (9;14), (10;14), (11;14), (1;15), (2;15), (3;15), (4;15), (5;15), (8;15), (9;15), (10;15), (11;15), (9;16), (3;3), (4;3), (3;4), (4;4), (14;6), (13;7), (14;7), (15;7), (13;8), (14;8)];
9,14:[(10;10), (10;11), (8;12), (9;12), (10;12), (11;12), (8;13), (9;13), (10;13), (11;13), (12;13), (13;13), (3;14), (4;14), (5;14), (6;14), (7;14), (8;14), (9;14), (10;14), (11;14), (1;15), (2;15), (3;15), (8;15), (9;15), (10;15), (11;15), (9;16), (9;17), (9;18), (3;3), (4;3), (3;4), (4;4), (14;6), (13;7), (14;7), (15;7), (13;8), (14;8)];
10,14:[(9;0), (9;1), (9;2), (9;3), (9;4), (9;5), (9;6), (10;7), (10;8), (10;9), (10;10), (10;11), (8;12), (9;12), (10;12), (11;12), (8;13), (9;13), (10;13), (11;13), (12;13), (3;14), (4;14), (5;14), (6;14), (7;14), (8;14), (9;14), (10;14), (11;14), (1;15), (2;15), (8;15), (9;15), (10;15), (11;15), (9;16), (3;3), (4;3), (3;4), (4;4), (14;6), (13;7), (14;7), (15;7), (13;8), (14;8)];
11,14:[(9;5), (9;6), (9;7), (9;8), (9;9), (10;10), (10;11), (8;12), (9;12), (10;12), (11;12), (8;13), (9;13), (10;13), (11;13), (3;14), (4;14), (5;14), (6;14), (7;14), (8;14), (9;14), (10;14), (11;14), (8;15), (9;15), (10;15), (11;15), (3;3), (4;3), (3;4), (4;4), (14;6), (13;7), (14;7), (15;7), (13;8), (14;8)];
12,14:[(3;3), (4;3), (3;4), (4;4), (14;6), (13;7), (14;7), (15;7), (13;8), (14;8)];
13,14:[(13;13), (14;13), (13;14), (14;14), (15;14), (16;14), (13;15), (16;15), (17;15), (18;15), (13;16), (13;17), (3;3), (4;3), (3;4), (4;4), (14;6), (13;7), (14;7), (15;7), (13;8), (14;8)];
14,14:[(12;13), (13;13), (14;13), (13;14), (14;14), (15;14), (16;14), (16;15), (17;15), (18;15), (3;3), (4;3), (3;4), (4;4), (14;6), (13;7), (14;7), (15;7), (13;8), (14;8)];
15,14:[(8;12), (9;12), (10;12), (11;13), (12;13), (13;13), (13;14), (14;14), (15;14), (16;14), (15;15), (16;15), (17;15), (15;16), (15;17), (15;18), (3;3), (4;3), (3;4), (4;4), (14;6), (13;7), (14;7), (15;7), (13;8), (14;8)];
16,14:[(16;7), (16;8), (16;9), (16;10), (16;11), (8;12), (9;12), (10;12), (16;12), (10;13), (11;13), (12;13), (13;13), (16;13), (13;14), (14;14), (15;14), (16;14), (15;15), (16;15), (15;16), (17;16), (3;3), (4;3), (3;4), (4;4), (14;6), (13;7), (14;7), (15;7), (13;8), (14;8)];
17,14:[(3;3), (4;3), (3;4), (4;4), (14;6), (13;7), (14;7), (15;7), (13;8), (14;8)];
18,14:[(18;10), (18;11), (18;12), (18;13), (18;14), (18;15), (17;16), (3;3), (4;3), (3;4), (4;4), (14;6), (13;7), (14;7), (15;7), (13;8), (14;8)];
19,14:[(3;3), (4;3), (3;4), (4;4), (14;6), (13;7), (14;7), (15;7), (13;8), (14;8)];
0,15:[(3;3), (4;3), (3;4), (4;4), (14;6), (13;7), (14;7), (15;7), (13;8), (14;8)];
1,15:[(1;13), (10;13), (11;13), (12;13), (13;13), (14;13), (1;14), (4;14), (5;14), (6;14), (7;14), (8;14), (9;14), (10;14), (11;14), (1;15), (2;15), (3;15), (4;15), (5;15), (6;15), (3;3), (4;3), (3;4), (4;4), (14;6), (13;7), (14;7), (15;7), (13;8), (14;8)];
2,15:[(10;13), (11;13), (12;13), (13;13), (14;13), (4;14), (5;14), (6;14), (7;14), (8;14), (9;14), (10;14), (1;15), (2;15), (3;15), (4;15), (5;15), (6;15), (3;3), (4;3), (3;4), (4;4), (14;6), (13;7), (14;7), (15;7), (13;8), (14;8)];
3,15:[(3;11), (3;12), (3;13), (9;13), (10;13), (11;13), (12;13), (13;13), (14;13), (3;14), (4;14), (5;14), (6;14), (7;14), (8;14), (9;14), (1;15), (2;15), (3;15), (4;15), (5;15), (6;15), (3;16), (3;17), (3;18), (3;3), (4;3), (3;4), (4;4), (14;6), (13;7), (14;7), (15;7), (13;8), (14;8)];
4,15:[(3;13), (9;13), (10;13), (11;13), (12;13), (13;13), (3;14), (4;14), (5;14), (6;14), (7;14), (8;14), (1;15), (2;15), (3;15), (4;15), (5;15), (6;15), (3;3), (4;3), (3;4), (4;4), (14;6), (13;7), (14;7), (15;7), (13;8), (14;8)];
5,15:[(2;13), (6;13), (3;14), (4;14), (5;14), (6;14), (7;14), (1;15), (2;15), (3;15), (4;15), (5;15), (6;15), (5;16), (5;17), (5;18), (3;3), (4;3), (3;4), (4;4), (14;6), (13;7), (14;7), (15;7), (13;8), (14;8)];
6,15:[(6;7), (6;8), (6;9), (6;10), (6;11), (6;12), (2;13), (6;13), (3;14), (4;14), (5;14), (6;14), (1;15), (2;15), (3;15), (4;15), (5;15), (6;15), (3;3), (4;3), (3;4), (4;4), (14;6), (13;7), (14;7), (15;7), (13;8), (14;8)];
7,15:[(3;3), (4;3), (3;4), (4;4), (14;6), (13;7), (14;7), (15;7), (13;8), (14;8)];
8,15:[(10;11), (8;12), (9;12), (10;12), (11;12), (8;13), (9;13), (10;13), (11;13), (12;13), (8;14), (9;14), (10;14), (11;14), (8;15), (9;15), (10;15), (11;15), (3;3), (4;3), (3;4), (4;4), (14;6), (13;7), (14;7), (15;7), (13;8), (14;8)];
9,15:[(10;9), (10;10), (10;11), (8;12), (9;12), (10;12), (11;12), (8;13), (9;13), (10;13), (11;13), (12;13), (7;14), (8;14), (9;14), (10;14), (11;14), (8;15), (9;15), (10;15), (11;15), (9;16), (9;17), (9;18), (3;3), (4;3), (3;4), (4;4), (14;6), (13;7), (14;7), (15;7), (13;8), (14;8)];
10,15:[(10;7), (10;8), (10;9), (10;10), (10;11), (8;12), (9;12), (10;12), (11;12), (8;13), (9;13), (10;13), (11;13), (6;14), (7;14), (8;14), (9;14), (10;14), (11;14), (8;15), (9;15), (10;15), (11;15), (3;3), (4;3), (3;4), (4;4), (14;6), (13;7), (14;7), (15;7), (13;8), (14;8)];
11,15:[(9;4), (9;5), (9;6), (9;7), (9;8), (10;9), (10;10), (10;11), (8;12), (9;12), (10;12), (11;12), (8;13), (9;13), (10;13), (11;13), (5;14), (6;14), (7;14), (8;14), (9;14), (10;14), (11;14), (8;15), (9;15), (10;15), (11;15), (3;3), (4;3), (3;4), (4;4), (14;6), (13;7), (14;7), (15;7), (13;8), (14;8)];
12,15:[(3;3), (4;3), (3;4), (4;4), (14;6), (13;7), (14;7), (15;7), (13;8), (14;8)];
13,15:[(13;13), (14;13), (13;14), (13;15), (13;16), (13;17), (3;3), (4;3), (3;4), (4;4), (14;6), (13;7), (14;7), (15;7), (13;8), (14;8)];
14,15:[(3;3), (4;3), (3;4), (4;4), (14;6), (13;7), (14;7), (15;7), (13;8), (14;8)];
15,15:[(14;13), (16;13), (15;14), (16;14), (15;15), (16;15), (17;15), (18;15), (15;16), (15;17), (15;18), (3;3), (4;3), (3;4), (4;4), (14;6), (13;7), (14;7), (15;7), (13;8), (14;8)];
16,15:[(16;7), (16;8), (16;9), (16;10), (16;11), (16;12), (12;13), (13;13), (16;13), (14;14), (15;14), (16;14), (15;15), (16;15), (17;15), (18;15), (3;3), (4;3), (3;4), (4;4), (14;6), (13;7), (14;7), (15;7), (13;8), (14;8)];
17,15:[(12;13), (13;13), (13;14), (14;14), (15;14), (15;15), (16;15), (17;15), (18;15), (17;16), (17;17), (17;18), (3;3), (4;3), (3;4), (4;4), (14;6), (13;7), (14;7), (15;7), (13;8), (14;8)];
18,15:[(18;10), (18;11), (18;12), (18;13), (13;14), (14;14), (18;14), (15;15), (16;15), (17;15), (18;15), (3;3), (4;3), (3;4), (4;4), (14;6), (13;7), (14;7), (15;7), (13;8), (14;8)];
19,15:[(3;3), (4;3), (3;4), (4;4), (14;6), (13;7), (14;7), (15;7), (13;8), (14;8)];
0,16:[(3;3), (4;3), (3;4), (4;4), (14;6), (13;7), (14;7), (15;7), (13;8), (14;8)];
1,16:[(3;3), (4;3), (3;4), (4;4), (14;6), (13;7), (14;7), (15;7), (13;8), (14;8)];
2,16:[(3;3), (4;3), (3;4), (4;4), (14;6), (13;7), (14;7), (15;7), (13;8), (14;8)];
3,16:[(3;11), (3;12), (3;13), (3;14), (4;14), (3;15), (3;16), (3;17), (2;18), (3;18), (3;3), (4;3), (3;4), (4;4), (14;6), (13;7), (14;7), (15;7), (13;8), (14;8)];
4,16:[(3;3), (4;3), (3;4), (4;4), (14;6), (13;7), (14;7), (15;7), (13;8), (14;8)];
5,16:[(6;12), (3;13), (6;13), (4;14), (5;14), (6;14), (5;15), (5;16), (5;17), (5;18), (6;18), (3;3), (4;3), (3;4), (4;4), (14;6), (13;7), (14;7), (15;7), (13;8), (14;8)];
6,16:[(3;3), (4;3), (3;4), (4;4), (14;6), (13;7), (14;7), (15;7), (13;8), (14;8)];
7,16:[(3;3), (4;3), (3;4), (4;4), (14;6), (13;7), (14;7), (15;7), (13;8), (14;8)];
8,16:[(3;3), (4;3), (3;4), (4;4), (14;6), (13;7), (14;7), (15;7), (13;8), (14;8)];
9,16:[(10;8), (10;9), (10;10), (10;11), (8;12), (9;12), (10;12), (11;12), (8;13), (9;13), (10;13), (11;13), (8;14), (9;14), (10;14), (9;15), (9;16), (9;17), (9;18), (3;3), (4;3), (3;4), (4;4), (14;6), (13;7), (14;7), (15;7), (13;8), (14;8)];
10,16:[(3;3), (4;3), (3;4), (4;4), (14;6), (13;7), (14;7), (15;7), (13;8), (14;8)];
11,16:[(3;3), (4;3), (3;4), (4;4), (14;6), (13;7), (14;7), (15;7), (13;8), (14;8)];
12,16:[(3;3), (4;3), (3;4), (4;4), (14;6), (13;7), (14;7), (15;7), (13;8), (14;8)];
13,16:[(13;13), (13;14), (13;15), (13;16), (13;17), (12;18), (14;18), (3;3), (4;3), (3;4), (4;4), (14;6), (13;7), (14;7), (15;7), (13;8), (14;8)];
14,16:[(3;3), (4;3), (3;4), (4;4), (14;6), (13;7), (14;7), (15;7), (13;8), (14;8)];
15,16:[(16;12), (16;13), (15;14), (16;14), (15;15), (15;16), (15;17), (14;18), (15;18), (3;3), (4;3), (3;4), (4;4), (14;6), (13;7), (14;7), (15;7), (13;8), (14;8)];
16,16:[(3;3), (4;3), (3;4), (4;4), (14;6), (13;7), (14;7), (15;7), (13;8), (14;8)];
17,16:[(16;14), (18;14), (17;15), (17;16), (17;17), (17;18), (18;18), (3;3), (4;3), (3;4), (4;4), (14;6), (13;7), (14;7), (15;7), (13;8), (14;8)];
18,16:[(3;3), (4;3), (3;4), (4;4), (14;6), (13;7), (14;7), (15;7), (13;8), (14;8)];
19,16:[(3;3), (4;3), (3;4), (4;4), (14;6), (13;7), (14;7), (15;7), (13;8), (14;8)];
0,17:[(3;3), (4;3), (3;4), (4;4), (14;6), (13;7), (14;7), (15;7), (13;8), (14;8)];
1,17:[(1;17), (2;17), (3;17), (1;18), (2;18), (3;18), (3;3), (4;3), (3;4), (4;4), (14;6), (13;7), (14;7), (15;7), (13;8), (14;8)];
2,17:[(1;17), (2;17), (3;17), (1;18), (2;18), (3;18), (3;3), (4;3), (3;4), (4;4), (14;6), (13;7), (14;7), (15;7), (13;8), (14;8)];
3,17:[(3;11), (3;12), (3;13), (3;14), (3;15), (3;16), (1;17), (2;17), (3;17), (1;18), (2;18), (3;18), (3;3), (4;3), (3;4), (4;4), (14;6), (13;7), (14;7), (15;7), (13;8), (14;8)];
4,17:[(3;3), (4;3), (3;4), (4;4), (14;6), (13;7), (14;7), (15;7), (13;8), (14;8)];
5,17:[(6;11), (6;12), (6;13), (5;14), (5;15), (5;16), (5;17), (6;17), (7;17), (5;18), (6;18), (7;18), (8;18), (9;18), (3;3), (4;3), (3;4), (4;4), (14;6), (13;7), (14;7), (15;7), (13;8), (14;8)];
6,17:[(5;17), (6;17), (7;17), (5;18), (6;18), (7;18), (8;18), (3;3), (4;3), (3;4), (4;4), (14;6), (13;7), (14;7), (15;7), (13;8), (14;8)];
7,17:[(5;17), (6;17), (7;17), (5;18), (6;18), (7;18), (3;3), (4;3), (3;4), (4;4), (14;6), (13;7), (14;7), (15;7), (13;8), (14;8)];
8,17:[(3;3), (4;3), (3;4), (4;4), (14;6), (13;7), (14;7), (15;7), (13;8), (14;8)];
9,17:[(10;7), (10;8), (10;9), (10;10), (10;11), (8;12), (9;12), (10;12), (8;13), (9;13), (10;13), (9;14), (9;15), (9;16), (9;17), (9;18), (3;3), (4;3), (3;4), (4;4), (14;6), (13;7), (14;7), (15;7), (13;8), (14;8)];
10,17:[(3;3), (4;3), (3;4), (4;4), (14;6), (13;7), (14;7), (15;7), (13;8), (14;8)];
11,17:[(11;17), (12;17), (13;17), (14;17), (15;17), (11;18), (12;18), (3;3), (4;3), (3;4), (4;4), (14;6), (13;7), (14;7), (15;7), (13;8), (14;8)];
12,17:[(11;17), (12;17), (13;17), (14;17), (15;17), (10;18), (11;18), (12;18), (16;18), (17;18), (18;18), (3;3), (4;3), (3;4), (4;4), (14;6), (13;7), (14;7), (15;7), (13;8), (14;8)];
13,17:[(13;13), (13;14), (13;15), (13;16), (11;17), (12;17), (13;17), (14;17), (15;17), (9;18), (10;18), (11;18), (15;18), (16;18), (17;18), (3;3), (4;3), (3;4), (4;4), (14;6), (13;7), (14;7), (15;7), (13;8), (14;8)];
14,17:[(11;17), (12;17), (13;17), (14;17), (15;17), (8;18), (9;18), (10;18), (14;18), (15;18), (16;18), (3;3), (4;3), (3;4), (4;4), (14;6), (13;7), (14;7), (15;7), (13;8), (14;8)];
15,17:[(16;11), (16;12), (16;13), (15;14), (15;15), (15;16), (11;17), (12;17), (13;17), (14;17), (15;17), (14;18), (15;18), (3;3), (4;3), (3;4), (4;4), (14;6), (13;7), (14;7), (15;7), (13;8), (14;8)];
16,17:[(3;3), (4;3), (3;4), (4;4), (14;6), (13;7), (14;7), (15;7), (13;8), (14;8)];
17,17:[(17;15), (17;16), (17;17), (18;17), (17;18), (18;18), (3;3), (4;3), (3;4), (4;4), (14;6), (13;7), (14;7), (15;7), (13;8), (14;8)];
18,17:[(17;17), (18;17), (16;18), (17;18), (18;18), (3;3), (4;3), (3;4), (4;4), (14;6), (13;7), (14;7), (15;7), (13;8), (14;8)];
19,17:[(3;3), (4;3), (3;4), (4;4), (14;6), (13;7), (14;7), (15;7), (13;8), (14;8)];
0,18:[(3;3), (4;3), (3;4), (4;4), (14;6), (13;7), (14;7), (15;7), (13;8), (14;8)];
1,18:[(1;17), (2;17), (3;17), (1;18), (2;18), (3;18), (3;3), (4;3), (3;4), (4;4), (14;6), (13;7), (14;7), (15;7), (13;8), (14;8)];
2,18:[(3;16), (1;17), (2;17), (3;17), (1;18), (2;18), (3;18), (3;3), (4;3), (3;4), (4;4), (14;6), (13;7), (14;7), (15;7), (13;8), (14;8)];
3,18:[(3;11), (3;12), (3;13), (3;14), (3;15), (3;16), (1;17), (2;17), (3;17), (1;18), (2;18), (3;18), (3;3), (4;3), (3;4), (4;4), (14;6), (13;7), (14;7), (15;7), (13;8), (14;8)];
4,18:[(3;3), (4;3), (3;4), (4;4), (14;6), (13;7), (14;7), (15;7), (13;8), (14;8)];
5,18:[(5;14), (5;15), (5;16), (5;17), (6;17), (7;17), (5;18), (6;18), (7;18), (8;18), (9;18), (10;18), (11;18), (12;18), (3;3), (4;3), (3;4), (4;4), (14;6), (13;7), (14;7), (15;7), (13;8), (14;8)];
6,18:[(5;16), (5;17), (6;17), (7;17), (5;18), (6;18), (7;18), (8;18), (9;18), (10;18), (11;18), (12;18), (3;3), (4;3), (3;4), (4;4), (14;6), (13;7), (14;7), (15;7), (13;8), (14;8)];
7,18:[(5;17), (6;17), (7;17), (5;18), (6;18), (7;18), (8;18), (9;18), (10;18), (11;18), (12;18), (3;3), (4;3), (3;4), (4;4), (14;6), (13;7), (14;7), (15;7), (13;8), (14;8)];
8,18:[(5;17), (6;17), (5;18), (6;18), (7;18), (8;18), (9;18), (10;18), (11;18), (12;18), (3;3), (4;3), (3;4), (4;4), (14;6), (13;7), (14;7), (15;7), (13;8), (14;8)];
9,18:[(10;7), (10;8), (10;9), (10;10), (10;11), (8;12), (9;12), (10;12), (9;13), (9;14), (9;15), (9;16), (5;17), (9;17), (13;17), (14;17), (15;17), (5;18), (6;18), (7;18), (8;18), (9;18), (10;18), (11;18), (12;18), (3;3), (4;3), (3;4), (4;4), (14;6), (13;7), (14;7), (15;7), (13;8), (14;8)];
10,18:[(12;17), (13;17), (14;17), (5;18), (6;18), (7;18), (8;18), (9;18), (10;18), (11;18), (12;18), (3;3), (4;3), (3;4), (4;4), (14;6), (13;7), (14;7), (15;7), (13;8), (14;8)];
11,18:[(11;17), (12;17), (13;17), (5;18), (6;18), (7;18), (8;18), (9;18), (10;18), (11;18), (12;18), (3;3), (4;3), (3;4), (4;4), (14;6), (13;7), (14;7), (15;7), (13;8), (14;8)];
12,18:[(13;16), (11;17), (12;17), (5;18), (6;18), (7;18), (8;18), (9;18), (10;18), (11;18), (12;18), (3;3), (4;3), (3;4), (4;4), (14;6), (13;7), (14;7), (15;7), (13;8), (14;8)];
13,18:[(3;3), (4;3), (3;4), (4;4), (14;6), (13;7), (14;7), (15;7), (13;8), (14;8)];
14,18:[(13;16), (15;16), (14;17), (15;17), (14;18), (15;18), (16;18), (17;18), (18;18), (3;3), (4;3), (3;4), (4;4), (14;6), (13;7), (14;7), (15;7), (13;8), (14;8)];
15,18:[(15;14), (15;15), (15;16), (13;17), (14;17), (15;17), (14;18), (15;18), (16;18), (17;18), (18;18), (3;3), (4;3), (3;4), (4;4), (14;6), (13;7), (14;7), (15;7), (13;8), (14;8)];
16,18:[(12;17), (13;17), (14;17), (18;17), (14;18), (15;18), (16;18), (17;18), (18;18), (3;3), (4;3), (3;4), (4;4), (14;6), (13;7), (14;7), (15;7), (13;8), (14;8)];
17,18:[(17;15), (17;16), (11;17), (12;17), (13;17), (17;17), (18;17), (14;18), (15;18), (16;18), (17;18), (18;18), (3;3), (4;3), (3;4), (4;4), (14;6), (13;7), (14;7), (15;7), (13;8), (14;8)];
18,18:[(17;16), (17;17), (18;17), (14;18), (15;18), (16;18), (17;18), (18;18), (3;3), (4;3), (3;4), (4;4), (14;6), (13;7), (14;7), (15;7), (13;8), (14;8)];
19,18:[(3;3), (4;3), (3;4), (4;4), (14;6), (13;7), (14;7), (15;7), (13;8), (14;8)];
0,19:[(3;3), (4;3), (3;4), (4;4), (14;6), (13;7), (14;7), (15;7), (13;8), (14;8)];
1,19:[(3;3), (4;3), (3;4), (4;4), (14;6), (13;7), (14;7), (15;7), (13;8), (14;8)];
2,19:[(3;3), (4;3), (3;4), (4;4), (14;6), (13;7), (14;7), (15;7), (13;8), (14;8)];
3,19:[(3;3), (4;3), (3;4), (4;4), (14;6), (13;7), (14;7), (15;7), (13;8), (14;8)];
4,19:[(3;3), (4;3), (3;4), (4;4), (14;6), (13;7), (14;7), (15;7), (13;8), (14;8)];
5,19:[(3;3), (4;3), (3;4), (4;4), (14;6), (13;7), (14;7), (15;7), (13;8), (14;8)];
6,19:[(3;3), (4;3), (3;4), (4;4), (14;6), (13;7), (14;7), (15;7), (13;8), (14;8)];
7,19:[(3;3), (4;3), (3;4), (4;4), (14;6), (13;7), (14;7), (15;7), (13;8), (14;8)];
8,19:[(3;3), (4;3), (3;4), (4;4), (14;6), (13;7), (14;7), (15;7), (13;8), (14;8)];
9,19:[(3;3), (4;3), (3;4), (4;4), (14;6), (13;7), (14;7), (15;7), (13;8), (14;8)];
10,19:[(3;3), (4;3), (3;4), (4;4), (14;6), (13;7), (14;7), (15;7), (13;8), (14;8)];
11,19:[(3;3), (4;3), (3;4), (4;4), (14;6), (13;7), (14;7), (15;7), (13;8), (14;8)];
12,19:[(3;3), (4;3), (3;4), (4;4), (14;6), (13;7), (14;7), (15;7), (13;8), (14;8)];
13,19:[(3;3), (4;3), (3;4), (4;4), (14;6), (13;7), (14;7), (15;7), (13;8), (14;8)];
14,19:[(3;3), (4;3), (3;4), (4;4), (14;6), (13;7), (14;7), (15;7), (13;8), (14;8)];
15,19:[(3;3), (4;3), (3;4), (4;4), (14;6), (13;7), (14;7), (15;7), (13;8), (14;8)];
16,19:[(3;3), (4;3), (3;4), (4;4), (14;6), (13;7), (14;7), (15;7), (13;8), (14;8)];
17,19:[(3;3), (4;3), (3;4), (4;4), (14;6), (13;7), (14;7), (15;7), (13;8), (14;8)];
18,19:[(3;3), (4;3), (3;4), (4;4), (14;6), (13;7), (14;7), (15;7), (13;8), (14;8)];
19,19:[(3;3), (4;3), (3;4), (4;4), (14;6), (13;7), (14;7), (15;7), (13;8), (14;8)];
